5874
-0.00406531
-0.00323929
0.0131134
0.00235982
0.0090781
0.00299962
0.0125678
0.0026904
0.00751912
0.00235446
0.00568926
-0.000128117
0.00635805
-0.0113914
-0.00165601
-0.0198395
-0.0212124
-0.0221538
-0.025858
-0.0293883
-0.0154584
-0.00670706
-0.00226101
-0.0071296
0.00167477
0.00991311
0.00795521
0.0189176
0.0170824
0.0229914
0.0194474
0.0337472
0.0371594
0.0350371
0.0421751
0.0528314
0.0531568
0.036863
0.0449575
0.0275795
0.0050272
-0.0047406
-0.00782089
-0.036259
-0.0355344
-0.0464881
-0.0397473
-0.0431578
-0.0448808
-0.0355162
-0.0300869
-0.0200708
-0.0297948
-0.0230926
-0.0279659
-0.0190045
-0.013355
-0.00855492
-0.00713377
0.00724421
0.00895747
0.0160946
0.0179852
0.0216718
0.0261845
0.023794
0.0184019
0.00422414
0.00722376
-0.00346426
-0.0085258
-0.00100668
-0.0141561
-0.0162188
-0.00859496
-0.00998885
-0.0136283
-0.0152843
-0.011868
-0.00207266
-0.00872263
0.00417904
0.00579849
0.00584393
0.0146407
0.0123797
0.0130021
0.0224288
0.016838
0.0170413
0.00495112
0.00652964
0.0140172
0.00245678
0.00519627
-0.00415594
-0.0156304
-0.0277189
-0.0291511
-0.0380099
-0.0321546
-0.0337088
-0.0293851
-0.0243579
-0.0135946
0.00184032
0.012093
0.0153183
0.0308457
0.0376101
0.033212
0.0348429
0.0458383
0.0467592
0.0421922
0.0511571
0.0668242
0.0466102
0.0431096
0.0530104
0.0289516
0.00631398
0.00580625
-0.016244
-0.0389091
-0.0596837
-0.0535157
-0.0660909
-0.0578008
-0.0471509
-0.0429268
-0.0512069
-0.0391673
-0.0244373
-0.0331959
-0.0240962
-0.0248111
-0.0179021
-0.00463517
0.0127443
0.0207158
0.0321037
0.0377829
0.0445642
0.0332393
0.0312859
0.0293779
0.0207628
0.00988674
-0.000366999
-0.00119404
-0.0153638
-0.00607443
-0.00887525
-0.0178495
-0.0193362
-0.0246314
-0.027187
-0.0158391
-0.0159657
-0.00492489
-0.00306826
0.00543349
0.00428661
0.0170894
0.026464
0.01761
0.0272712
0.0213596
0.0101968
0.0177631
0.00984919
0.00869959
-0.00460003
-0.000764916
-0.00143826
-0.0166946
-0.021014
-0.0163686
-0.0270637
-0.0347171
-0.053623
-0.0316203
-0.0414284
-0.0196105
-0.00605232
0.0087114
0.0163139
0.0341496
0.0426494
0.0463259
0.0505406
0.0654051
0.0534861
0.0642947
0.0638871
0.0627057
0.0760214
0.0674292
0.058122
0.0324679
0.0123288
-0.0136866
-0.0394823
-0.0771461
-0.0703709
-0.0723184
-0.0700868
-0.0698086
-0.0636865
-0.0661795
-0.0640447
-0.0566598
-0.0501019
-0.0422098
-0.0250285
-0.0106479
0.0102623
0.0374377
0.0438141
0.0553868
0.0472996
0.0390859
0.0419129
0.0310927
0.0210223
0.017557
0.00363869
0.0145988
-0.00655083
-0.00253542
-0.0199355
-0.0252426
-0.0384872
-0.028638
-0.0354423
-0.0322904
-0.0253034
-0.0189897
-0.00467656
-0.0101867
-0.00329943
0.000644597
0.0124392
0.0208317
0.0279711
0.0175505
0.0366997
0.0306473
0.0238549
0.0324168
0.0200548
0.0161926
0.000502961
0.00453189
-0.00758234
-0.00835979
-0.0215844
-0.0274647
-0.0345265
-0.0515283
-0.0616185
-0.073264
-0.0640519
-0.059475
-0.0421538
-0.0351246
-0.0114955
0.0266607
0.0318617
0.0547982
0.0857648
0.0918457
0.0954336
0.108908
0.122016
0.118426
0.122727
0.105451
0.0715472
0.0120421
-0.0202877
-0.0617449
-0.114885
-0.114097
-0.129275
-0.133874
-0.118285
-0.112766
-0.0874573
-0.0915706
-0.0614679
-0.037011
-0.00078668
0.0257894
0.0625623
0.0783387
0.0884603
0.0917777
0.0827431
0.0496877
0.030698
0.0105176
-0.00742102
-0.0184724
-0.0255797
-0.0363964
-0.0465725
-0.0496091
-0.0475625
-0.0496226
-0.0267272
-0.0106242
-0.00146324
0.0185916
0.0192802
0.0275351
0.0243151
0.0167328
0.000621031
-0.00545954
-0.00966847
-0.0131872
-0.0259558
-0.0255589
-0.0445593
-0.0233399
-0.0207995
-0.000937795
0.0259532
0.0532174
0.0643742
0.0729801
0.0735148
0.0662563
0.0573268
0.0442332
0.0368624
0.0193434
-0.00176586
-0.0340772
-0.0836651
-0.112893
-0.124107
-0.136643
-0.120868
-0.0962184
-0.0475249
-0.0217611
0.0226599
0.0749178
0.109438
0.146012
0.178472
0.202276
0.211776
0.195486
0.174764
0.121047
0.036595
-0.0222316
-0.0932446
-0.16554
-0.18562
-0.216937
-0.221924
-0.190585
-0.162546
-0.12611
-0.092739
-0.0307843
0.0281337
0.0503386
0.109243
0.13678
0.141659
0.147948
0.120028
0.0772926
0.0350603
-0.018144
-0.0401709
-0.0628057
-0.0837691
-0.0701817
-0.0833689
-0.0628131
-0.0651162
-0.0554119
-0.0322402
-0.00652805
0.01579
0.057247
0.0717047
0.0663114
0.0540203
0.0267598
0.0154967
-0.00469589
0.000777638
0.00663227
0.00271984
-0.00679795
-0.0331232
-0.0470208
-0.0668907
-0.0669665
-0.0408184
-0.0221515
0.021165
0.0201517
0.0293984
0.0365544
0.0262008
0.0426158
0.0568449
0.0880304
0.0810039
0.083478
0.0464058
-0.0191405
-0.0608842
-0.101809
-0.116288
-0.108758
-0.111507
-0.064569
-0.079956
-0.0615696
0.00365933
0.034912
0.118104
0.195908
0.234891
0.247521
0.197084
0.166793
0.0865181
-0.00438078
0.00403228
-0.0852422
-0.155236
-0.197695
-0.239095
-0.25601
-0.210289
-0.115763
-0.0309063
0.0175077
0.0632217
0.106633
0.0667246
0.0964998
0.105476
0.105762
0.0699855
0.033163
-0.0245565
-0.0868153
-0.122071
-0.0988224
-0.0725105
-0.0407251
-0.00308508
0.0151386
0.0160926
0.0217291
0.0289718
0.0473525
0.0579054
0.0403428
0.0259433
-0.00715531
-0.0257633
-0.0273727
-0.029578
-0.018881
-0.00727294
0.00306028
0.0213232
0.0325597
0.0385183
0.0461645
0.027024
0.00489946
-0.0348937
-0.0504067
-0.066141
-0.076873
-0.0484187
-0.0275996
-0.0194017
-0.0157424
0.00366573
0.0364987
0.077368
0.126213
0.164431
0.13671
0.0631923
-0.0053284
-0.102732
-0.13746
-0.121927
-0.052357
-0.0717579
-0.124807
-0.0784913
-0.110486
-0.0091946
0.200209
0.3495
0.381714
0.348811
0.229489
0.132191
-0.0414033
0.0255988
-0.00519094
-0.173578
-0.267902
-0.385725
-0.399269
-0.304293
-0.089982
0.101851
0.122022
0.0828969
0.114493
0.0509512
0.079923
0.135027
0.115413
0.00846943
-0.120626
-0.151037
-0.169049
-0.11115
-0.0322008
0.00318176
0.00366076
0.014473
0.0435482
0.0761078
0.0913704
0.0832713
0.0327759
0.00666757
-0.0282261
-0.0166173
-0.0129909
-0.0200965
-0.0297555
-0.0340992
-0.0379971
-0.0149798
0.00418982
0.0174327
0.0250333
0.0272149
0.0288555
0.0182782
0.0117031
0.0218785
0.0199213
0.00649244
-0.0456669
-0.0592642
-0.0922624
-0.0697821
-0.0319943
-0.0106969
-0.0121396
-0.0212327
0.0259414
0.0588179
0.113056
0.179754
0.141403
-0.0240317
-0.0914562
-0.127655
-0.0531712
-0.0575076
0.00637947
-0.0595565
-0.201059
-0.0972425
0.182903
0.351437
0.442085
0.355028
0.196677
-0.0102215
-0.107752
0.116188
-0.0381329
-0.220774
-0.387316
-0.440085
-0.334181
-0.110568
0.140676
0.167593
-0.0194846
0.000807787
0.0769156
0.10627
0.127526
0.0285192
-0.0810923
-0.217846
-0.133688
-0.0381514
-0.0117362
-0.0182359
0.00192845
0.0181949
0.0574787
0.100428
0.0946052
0.0343671
-0.0159374
-0.0180896
-0.0230672
-0.0191161
-0.0282453
-0.0238279
-0.00958351
0.00676506
0.00951632
-0.0129786
-0.0129933
-0.00622797
0.00633094
0.00969525
-0.00378556
-0.00109993
0.00345442
0.0312388
0.0404505
0.0345663
0.0337904
0.0121017
0.00847779
0.032826
-0.0401854
-0.103573
-0.12437
-0.0851191
-0.0195709
0.0393013
0.0496526
0.0111179
-0.00594672
0.182979
0.211517
0.111517
-0.0203571
-0.159265
-0.186241
-0.154952
0.0716294
0.00101462
-0.202576
-0.0308921
0.283988
0.504813
0.598644
0.419746
0.161675
-0.191419
0.100666
0.0660856
-0.322303
-0.53351
-0.610421
-0.389599
-0.136517
0.175489
0.100661
-0.12093
0.0957772
0.236894
0.178238
0.0537733
-0.134859
-0.181182
-0.177042
0.0272706
-0.0120612
-0.0914121
-0.0226315
0.0644042
0.113441
0.100448
0.063212
-0.000224531
-0.0137851
-0.00206678
-0.0341745
-0.0694797
-0.0537448
-0.0210462
0.00576815
0.00079888
0.00514861
-0.00187747
0.0076927
0.00626695
0.00346873
-0.0123743
-0.0122221
-0.000785203
0.00750836
-0.00485451
-0.00148854
-0.00743526
0.0205046
0.0459748
0.0567161
0.0441109
0.00112475
-0.0145739
0.00876846
-0.0281293
-0.0426185
-0.0901559
-0.0977922
-0.0308589
0.0863573
0.0881022
-0.0425396
0.064872
0.129267
0.144662
0.071213
-0.0960508
-0.265219
-0.216725
0.114606
0.0168494
-0.133243
0.114705
0.311604
0.585676
0.551252
0.341893
-0.131465
-0.0260141
0.180401
-0.306719
-0.543014
-0.609339
-0.344162
-0.126483
0.116215
-0.0184056
-0.119508
0.238277
0.276813
0.0769809
-0.118884
-0.114299
-0.0985075
-0.0359733
-0.00275593
-0.136523
-0.0504525
0.094231
0.107857
0.0147749
0.0210419
0.0245106
0.00438434
0.0154181
-0.0396307
-0.0476262
-0.0292249
0.000294284
-0.0226449
-0.00989224
-0.00267711
-0.000224525
-0.0103772
0.00625147
-0.000570497
-0.00730591
0.00332452
0.00721764
0.00233306
0.013068
-0.00228702
0.0065509
0.00938178
0.0366096
0.000706443
0.0136946
0.0420778
0.0590272
0.01724
-0.0154211
-0.022844
-0.0477724
0.0233405
-0.0478867
-0.134732
-0.0634377
0.12689
0.0889947
0.00453136
0.0823685
0.0486024
0.166988
0.092827
-0.194373
-0.392859
-0.0703546
0.190759
-0.0961264
0.0637627
0.254332
0.585633
0.730662
0.544077
-0.0244196
-0.146471
0.251146
-0.288703
-0.640297
-0.722556
-0.385411
-0.167149
0.0647393
-0.0367649
-0.139754
0.303361
0.307746
0.0518458
-0.166079
-0.0896747
-0.0801399
-0.0255821
-0.0249711
-0.151142
-0.0142846
0.117274
0.0913928
-0.00313096
0.0195544
0.0432562
6.90853e-05
0.0150387
-0.0523957
-0.0315758
-0.0183589
-0.011808
-0.0179301
-0.0123283
0.011634
-0.00567915
-0.010113
-0.0131012
-0.00361317
0.0042215
0.00463333
-0.00437943
0.00345723
0.00983411
0.014637
0.00546289
-0.00718232
-0.00345893
0.0165763
0.0136734
0.0080123
0.0122094
0.0352689
0.0191902
-0.00157615
0.00558864
-0.0284586
0.00719803
-0.0065587
-0.0933121
-0.073571
0.0601918
0.115897
-0.00154607
0.0457817
0.0411136
0.0857436
0.104362
-0.106566
-0.274923
-0.15525
0.142047
-0.0497566
0.00428782
0.15261
0.375085
0.54321
0.446898
0.0781531
-0.164778
0.173981
-0.114555
-0.451744
-0.543548
-0.356507
-0.141083
0.0108243
0.0303787
-0.143419
0.174479
0.259285
0.0828585
-0.103756
-0.0833553
-0.0564036
-0.043326
0.00636125
-0.106036
-0.0341955
0.0719706
0.0743732
-0.00675934
0.00521409
0.0331032
0.005468
0.00892522
-0.0277523
-0.0363711
-0.0231563
-0.0070828
-0.0182937
-0.0172212
0.00420415
-0.00328743
-0.00658196
-0.00232081
-0.0141383
0.00754135
0.00537805
0.000175307
0.00737334
0.00856658
0.000525838
0.0122261
-0.0051014
-0.00548364
-0.00702971
0.0232481
0.0178501
0.00281845
0.0219089
0.0393739
0.012513
-0.00320247
0.00706159
-0.0349431
0.0158563
-0.00982789
-0.0921076
-0.0682779
0.084046
0.0924316
-0.0103304
0.055124
0.0413436
0.101227
0.0848105
-0.108906
-0.265493
-0.0996303
0.132299
-0.0653841
0.0238237
0.16683
0.389223
0.510274
0.395911
0.0294294
-0.137928
0.163007
-0.160083
-0.434588
-0.502153
-0.295997
-0.124461
0.0280396
-0.000872634
-0.127188
0.199567
0.218326
0.0501724
-0.112519
-0.065338
-0.052624
-0.0233336
-0.00362555
-0.107688
-0.0212469
0.0772075
0.0708211
-0.00690885
-0.0015308
0.0296523
0.00601784
0.00683249
-0.0314014
-0.0346791
-0.00877275
0.00124748
-0.0135342
-0.0135419
0.00430822
-0.000625262
0.00577975
-0.00910989
-0.0043488
-0.00755127
-0.000489682
0.00332691
-0.00407256
-0.00614852
0.010271
0.0117605
0.0105352
0.00219159
0.00736506
0.000473505
0.0185613
-0.00424254
-0.00470338
0.0104216
0.023998
0.00963903
0.00240296
-0.000965656
-0.00814968
0.0191454
-0.0257398
-0.0581019
-0.0420364
0.0571605
0.0432639
-0.010783
0.0461885
0.0302048
0.0706878
0.0382572
-0.093956
-0.182195
-0.0435332
0.100597
-0.056425
0.0378704
0.142306
0.301105
0.336542
0.260663
0.00477101
-0.0763739
0.118263
-0.135542
-0.28314
-0.351854
-0.219228
-0.119984
0.0181958
-0.014546
-0.100737
0.115924
0.14326
0.0802239
-0.0115519
-0.0483418
-0.0696357
-0.0110639
0.0115667
-0.0834288
-0.046027
0.00388776
0.0273442
0.0346065
0.0301815
-0.00489885
-0.00329543
0.0379833
0.00323222
-0.0172403
-0.0228007
-0.0231876
-0.00721019
-0.00415273
-0.00839527
-0.00534671
0.00507487
0.00581704
-4.781e-05
-0.00539679
-0.00636244
-0.00676018
0.00463325
-0.00560269
0.00606282
-0.00496578
-0.00206885
0.00243538
0.00715622
0.014585
-0.00172178
-0.000801415
0.0142
0.0210191
0.00161436
-0.0109111
-0.00333733
-0.0287546
0.00911581
-0.0191205
-0.0435965
-0.0481393
0.0342288
0.0312479
0.0478972
0.0343778
-0.00814051
0.0265487
0.0622916
0.0213582
-0.106377
-0.103685
-0.0639679
-0.0406737
0.090754
0.0324639
-0.00359128
0.163151
0.262096
0.300988
0.196901
0.154204
-0.0687598
0.0169962
0.0286359
-0.176578
-0.211739
-0.305589
-0.24072
-0.135488
0.0110222
-0.0710169
-0.0572495
0.0362289
0.0440491
0.114358
0.117957
-0.0144688
-0.0275675
-0.0224926
-0.0166755
-0.00897141
-0.0221201
-0.0594903
-0.0662505
-0.0073537
-0.00520445
0.0241142
0.0113965
0.00157568
-0.00374088
0.0111673
0.0024965
0.00852666
-2.66954e-05
-0.0168345
-0.0113192
-0.00195294
-0.00511211
0.0148064
0.00155566
0.0106715
0.0148068
0.002218
0.00834225
0.0038114
0.00405156
-0.0100667
0.00105526
-0.00708526
-0.00379237
0.00423565
0.00233801
0.0122397
0.00932952
-0.000374805
-0.00228881
-0.01231
0.00465002
-0.00669319
-0.00633245
-4.9993e-05
-0.0168916
0.0172185
0.0318875
0.0328952
0.0343875
0.00100785
-0.00502755
0.000287731
0.0357845
-0.018889
-0.0458501
-0.0580837
-0.0980928
-0.0313113
0.0281734
0.0179589
0.0392939
0.0487243
0.0652632
0.138471
0.20125
0.184574
0.0903314
0.0992191
-0.0300387
0.0122379
0.02814
-0.0933435
-0.107989
-0.189616
-0.180288
-0.145269
-0.0565827
-0.0540862
-0.0455596
-0.0223304
-0.031413
0.0347872
0.0793458
0.0509779
0.0425285
0.00532445
-0.0382677
-0.000205053
-0.0134909
-0.00514868
-0.032345
-0.0360454
-0.0383602
-0.021801
0.00212146
0.00608102
0.0103167
0.00490275
-0.00611332
0.0109681
0.00284139
0.000552583
0.00374648
-0.0148593
-0.0138006
-0.00462914
0.0030728
-0.00606682
0.00339974
0.00427949
-0.00158501
-0.00595721
-0.00494936
-0.00222497
0.00581469
0.00283948
-0.000545607
-0.00763599
0.00404778
0.0144821
0.0141786
0.00359232
-0.00945649
-0.00892223
-0.0144615
0.00429008
-0.00452577
-0.0125784
-0.0218027
-0.00123866
-0.00279479
0.029182
0.0569238
0.0308002
0.0227281
0.0155142
0.0196969
0.0177033
0.0352246
-0.00585421
-0.0599404
-0.0512364
-0.0735669
-0.0429644
0.0305825
0.024657
0.0213714
0.048396
0.0537204
0.139484
0.193542
0.211059
0.112887
0.103798
0.0212409
-0.0326231
0.046351
-0.0755585
-0.100485
-0.167688
-0.209297
-0.17665
-0.0959149
-0.0543138
-0.0382574
-0.00350312
-0.0261144
-0.00115525
0.063983
0.0593039
0.060989
0.041133
-0.016603
-0.02594
-0.0318972
-0.0213427
-0.0158157
-0.010001
-0.0381693
-0.0387149
-0.0153432
-0.0112954
0.0109387
0.0173653
0.0209576
0.0037492
0.00257891
0.00362127
0.00791135
0.0111375
0.00631108
-0.00773964
-0.0089783
-0.00402115
0.00190503
-0.00318669
0.00435773
-0.00392197
0.00384033
0.000281422
-0.00527109
0.00669772
-0.00690843
0.00291858
-0.00180622
0.00214629
0.00569357
0.0130202
-0.00108244
-0.00296689
-0.00108254
0.00612625
-0.00167679
-0.00193295
-0.01568
-0.0190719
-0.0160492
-0.00256018
0.0268322
0.0189197
0.0363844
0.0211704
0.00852125
0.0240306
0.0256747
0.030535
0.0227328
-0.0155245
-0.0655393
-0.045142
-0.0540492
-0.013322
0.0304781
0.00619577
0.000817099
0.0462296
0.0668012
0.120175
0.1686
0.160536
0.0885197
0.0736062
0.0116355
-0.0269635
0.0315086
-0.0583279
-0.0642184
-0.12078
-0.163543
-0.14546
-0.087575
-0.0409039
-0.0220145
0.00755241
-0.00793917
-0.00916553
0.025573
0.03523
0.0475472
0.0519049
-0.00628065
-0.0101923
-0.0409186
-0.0384377
-0.03174
-0.0153926
-0.0279779
-0.0220322
-0.0198859
-0.0219443
0.00657982
0.0132493
0.0180344
0.0091999
0.0153262
-0.00185451
-0.00378746
0.00378832
0.000220266
0.00742692
-0.0028852
-0.0148127
-0.0113969
-0.00602028
0.00739823
-0.00733633
0.00119041
0.00360931
-0.00461537
-0.00513836
0.00259292
0.00682107
-0.00731321
0.000653077
0.0105869
0.0100572
-0.00700284
0.0015662
-0.00646781
0.00606981
-0.00553784
-0.0152324
-0.0174868
-0.0219903
-0.0103996
-0.00651604
0.0207841
0.0212849
0.0172206
0.0305215
0.0260204
0.0330204
0.0503513
0.0480476
0.0303995
-0.00711886
-0.0228223
-0.0695211
-0.032175
-0.0298578
-0.0178837
0.0219115
0.00404899
-0.0099836
0.0418396
0.0629366
0.125274
0.163301
0.171165
0.104427
0.0668909
0.0237491
-0.0369549
0.0238885
-0.0326296
-0.0766107
-0.10617
-0.176116
-0.170218
-0.119742
-0.0694422
-0.0459661
0.00797244
-0.00266469
-0.0174774
0.0176373
0.019369
0.0422711
0.0659425
0.0283732
0.000974796
-0.0346483
-0.0552906
-0.0604496
-0.0458766
-0.0376859
-0.0292809
-0.010942
-0.0241406
-0.0156396
-0.00632148
0.00271458
0.00878439
0.0187504
0.01127
0.00153516
0.00280065
-0.00759895
-0.014115
0.00666908
-0.0108057
-0.00908901
-0.00957525
-0.0145626
0.00295396
0.00679364
0.000577713
0.0077214
-0.00714939
0.0010361
-0.00646952
-0.0076368
-0.00648688
0.0143891
0.0130449
0.00159
0.00711027
0.00243829
0.00335934
0.00460234
0.00511307
-0.00976885
-0.0216209
-0.0167456
-0.0162523
0.00105646
0.00944112
6.73597e-05
0.00872798
0.0110846
0.0210155
0.0445957
0.0411326
0.0414579
0.0342515
0.0112162
-0.0147043
-0.0166778
-0.0378002
-0.0339351
-0.0149198
-0.0109928
-0.0136273
-0.0126525
-0.024045
0.0214396
0.0695172
0.0856561
0.12549
0.134968
0.100771
0.0533741
0.0454864
-0.0228506
0.00311982
-0.00359966
-0.0546167
-0.0588505
-0.103827
-0.139786
-0.108625
-0.0917325
-0.0618076
-0.00284589
0.0268248
0.00174567
0.0104389
0.0211448
0.0124345
0.0362681
0.0284856
0.0213362
0.0146204
-0.0306088
-0.0537495
-0.0524845
-0.0535992
-0.0328024
-0.0157085
-0.00859822
-0.0139119
-0.0105525
-0.0059502
0.00691481
0.0048979
0.0142847
0.0207949
0.00454268
0.0133511
-0.000463614
-0.00814819
-0.00717215
-0.00383947
-0.0138317
0.00750813
0.00212913
0.00482733
-0.00743281
-0.00396858
0.00458291
0.00340894
-0.0033835
0.00144111
0.0020252
-0.00121563
0.000660964
0.00351236
0.00272318
0.000906998
0.000656741
0.00104154
0.00250013
-0.00206635
-0.002071
-0.0107124
-0.0117376
-0.0113324
-0.000460649
-0.0118122
0.00333853
-0.00124844
0.0034517
0.0187044
0.0263582
0.0431528
0.0588645
0.0482667
0.0518357
0.0380775
-0.00574723
-0.0156102
-0.0186795
-0.036675
-0.0236933
-0.00235708
-0.0187445
-0.0260975
-0.0178315
-0.0160524
0.00786779
0.0835926
0.106644
0.136805
0.138397
0.104589
0.059879
0.0512899
-0.0135796
0.000705074
0.00599614
-0.0437247
-0.0536295
-0.108357
-0.139761
-0.139181
-0.104261
-0.0715808
-0.00980909
0.0233278
0.0204032
0.0284743
0.0322576
0.00583277
0.0169936
0.0213621
0.0305551
0.0248284
-0.00739499
-0.0222379
-0.0497333
-0.0547621
-0.061607
-0.0454464
-0.028901
-0.010897
-0.00521137
0.000469564
-0.00249092
0.00127531
0.0131987
0.0127381
0.00867775
0.0120163
0.0030159
-0.00128434
-0.0135877
-0.00273337
-0.00609222
-0.0092432
-0.00748815
-0.00991605
-0.00284635
-0.000841642
-0.000947965
-0.00412362
-0.00203894
0.00527552
0.00291843
-0.000322158
-0.00316385
-0.00549148
-0.00604001
-0.00592416
0.000149006
0.00601756
0.0110398
0.00215021
0.0137158
0.00382735
-0.00689825
-0.004974
-0.0120209
-0.00602473
-0.0109898
-0.00260375
-0.00243328
-0.00265905
-0.00230505
0.00196143
0.015652
0.0446026
0.0446746
0.0573258
0.0315365
0.0250344
0.0153633
-0.0141547
-0.0160484
-0.016501
-0.0226804
-0.0300754
-0.0135536
-0.0322791
-0.0405296
-0.0168652
-0.0158
0.0250665
0.083937
0.0864775
0.110203
0.115464
0.0624757
0.0524185
0.0341489
-0.00368501
0.000579327
0.00359523
-0.0442007
-0.0500365
-0.0915295
-0.105374
-0.114617
-0.0910973
-0.0545017
-0.0185884
0.0193297
0.0261337
0.0452659
0.0432269
0.0252466
0.0204131
0.012339
0.00917517
0.0114356
0.00539561
-0.0082805
-0.0158834
-0.0331217
-0.0453377
-0.0431875
-0.0449755
-0.0333963
-0.00928675
0.00124312
0.0124781
0.0142053
0.0109674
0.00836369
0.00593041
0.00327136
-0.00678563
-0.0048242
-0.00467611
-0.00658517
-0.000670313
-0.013112
-0.0125832
-0.00305267
-0.00319324
0.00590791
-0.00238855
0.00436625
0.00494169
0.00587408
7.24388e-05
-0.00119894
0.00478313
0.00342176
-0.00462631
-0.00281565
-0.00415001
-0.00294381
0.00648389
0.00566873
0.00612888
0.00428386
-0.00032697
-0.00401198
0.00431928
0.000162574
0.00247347
0.00670056
-0.00730959
0.0035958
0.00525798
-0.000567988
-0.000806128
0.00386132
-6.48136e-05
0.00281303
-0.00618469
0.00603447
0.000273332
0.00518256
0.0020177
0.00344093
0.00712461
-0.00298366
0.00423972
-0.00389177
-0.00600571
0.00292018
-0.0015076
-0.00772345
-0.00236001
-0.00389482
0.00510025
0.00207444
-0.0069761
0.00399134
-0.00314885
0.00278156
-0.00169902
-0.000732715
0.00219502
0.00527084
0.00643761
-0.00198464
0.000407282
0.00332795
0.000275276
-0.00291796
-0.00476199
0.000601404
-0.00278428
-0.00559453
-0.00747238
0.000351994
0.006905
0.00393619
-0.000393992
0.00273164
0.00766793
-0.00423402
0.000574101
-0.000693949
-0.00277716
-0.00440022
0.00763558
-0.000443327
0.00329663
-0.000136031
-0.00772539
0.00250001
0.00144864
0.00189099
-0.00226515
-0.00475911
0.00242484
-0.00613323
0.00548003
-0.00233672
-0.00727563
-0.00570838
-0.00742585
0.000599423
-0.00196995
-0.00770419
0.00348867
0.00286135
0.00762962
0.0041174
-0.00752631
-0.00578008
0.00489204
-0.0043675
-0.00433901
0.00105292
0.00491005
0.00225835
-0.00341915
-0.0026433
-0.0064039
-0.00180081
-0.00677119
-0.000718278
0.00630094
0.000744027
-0.00173707
-0.0030514
0.0027159
-0.00462876
0.00645113
-0.00102553
0.00380844
0.00679839
-0.00035214
0.00461552
0.00677293
0.00705249
-0.000347458
-0.0011944
-0.00501015
0.00234779
-0.00267251
-0.00275652
0.000761399
-0.00641644
0.00064155
0.00561633
-0.00653582
-0.00665218
0.000656431
-0.00379888
0.00381703
0.00384357
-0.00140836
-0.00771166
0.00193127
0.00741806
-0.00509299
0.00508378
0.00670249
0.00443059
-0.00565807
-0.00518177
-0.00313821
-0.00281212
0.00553924
-0.00418265
-0.0041349
0.00710571
0.00221512
0.0020928
-0.00154174
-0.00131611
0.000655754
-0.00220414
0.00118029
0.00459322
-0.00210579
-0.00494768
0.00506261
-0.00610847
-0.00099984
0.000348196
0.00629932
0.00728007
-0.00119015
-0.00264114
0.00585482
-0.00363418
0.00106636
-0.00396968
-0.0008465
-0.00214731
0.00457909
0.000635599
-0.000317944
0.00708185
0.00394543
0.00296643
0.00226697
-0.00583242
0.000725114
0.0034669
-0.00193725
0.00314219
-0.00736627
0.00114707
0.00248257
-0.00462782
-0.00676342
-0.00554731
-0.00444755
0.00396082
-0.00759
0.00397896
7.05945e-05
0.00641418
0.00645446
0.00063379
0.000299908
0.00295885
0.000290699
-0.000758744
-0.0040801
-0.00198623
0.000583938
0.00519767
-0.00536639
-0.00757909
-0.0040098
-0.000392763
-0.00103899
-0.00657581
0.00326893
-0.00602474
0.000411088
-0.0066851
-0.0011373
-0.00770895
0.00463621
-0.00522152
-0.00241726
-0.00510659
-0.00346313
0.00328897
-0.00411477
-0.00556739
-0.00603926
0.000522528
0.00563332
0.00373621
-0.00764992
0.00116838
0.00495064
-0.0036478
0.00195683
-0.00121602
0.00717152
-0.000898363
-0.00156845
-0.00537495
0.00534341
-0.000141554
0.00177796
-0.00524886
0.0137219
-0.0114711
0.0149269
-0.00019135
0.0164596
-0.0353214
-0.0554531
0.0618145
0.0407633
-0.0101959
-0.00623506
0.0481904
0.00565777
0.00572837
0.0276464
0.0573567
-0.00402502
0.0195307
-0.000766259
-0.0624911
0.0142696
0.0489492
-0.0305564
-0.0144686
0.0294887
0.0163704
-0.0144645
0.0280373
0.0353965
0.0111017
0.00452588
0.0543064
0.0560336
-0.12185
0.003248
0.102886
-0.036606
-0.0629775
0.0635839
0.0534147
-0.060219
-0.00166666
0.0791417
-0.0257483
-0.0855792
0.0479164
0.040687
-0.0234471
-0.0197109
0.0656624
0.0125672
-0.0444976
0.0138701
0.0390827
-0.0241488
-0.00922535
0.0518918
0.00381171
-0.0403229
0.027036
0.0423983
-0.0255912
-0.00758422
0.0371454
0.0179224
-0.0214144
0.017154
0.0181097
-0.00170782
0.00485459
0.0201575
0.0144091
-0.00353869
0.0289859
0.0306648
-0.00243716
0.0187951
0.0231857
0.0262788
-0.0242578
-0.121006
0.0100105
0.0715504
-0.0769707
-0.0357735
0.0809569
0.0277286
-0.028054
0.0735877
0.0746271
0.00964115
-0.00922592
-0.029132
0.0141536
-0.0245632
-0.0305451
0.0569074
-0.0251159
-0.0772688
0.0411639
-0.0295656
-0.0124933
0.0641772
0.0117101
-0.059724
-0.01159
0.0401811
-0.0298943
-0.0129856
0.0587091
0.0275101
0.00779913
-0.00405783
-0.00699447
0.0415312
0.0166415
-0.00629126
0.0238235
0.037854
0.00447443
0.0160381
0.0299787
0.0260069
0.0296456
0.0350621
-0.00352983
-0.00514408
-0.0027256
0.0068678
-0.00698597
0.0111237
0.0171679
-0.00123337
-0.00433173
0.0333332
0.0142907
-0.00323503
0.0119259
0.0172406
0.0282838
0.00495783
0.0312366
0.0302346
-0.0132522
-0.0109937
0.00629321
0.0223458
-0.00567576
0.00551371
0.0254904
-0.00256364
-0.00649531
0.0293721
-0.0074984
-0.00122045
0.000655319
0.00705697
-0.0330101
-0.00929166
-0.00664785
-0.0317638
-0.000505485
0.0484104
-0.0121629
0.00635154
0.0472729
-0.00303246
0.0457707
0.0264287
0.0278501
0.00570773
0.0237298
-0.00283235
-0.014082
-0.0140348
-0.00258875
0.00592066
-0.0223156
0.00207785
0.0190424
0.0118582
-0.0123034
0.0231788
0.023713
0.014932
0.0176831
0.00856902
0.00487148
-0.00641028
-0.0270582
-0.0297838
0.0235956
-0.00664618
-0.049786
0.0449012
0.028164
-0.0304313
0.0106538
0.0326964
-0.00929827
0.0258834
0.043124
-0.0371193
-0.00115377
0.0223309
-0.0327058
0.000553676
0.0205678
-0.0274026
-0.00505681
0.00477131
0.018037
0.0512793
0.00220398
-0.0275471
0.0405846
0.00983041
-0.0379017
0.00151334
0.0163223
-0.0166879
-0.0337315
0.044892
-0.0178796
-0.026137
0.0610331
-0.00539339
0.000958153
0.0094714
-0.001313
0.0367057
0.0166228
0.0134651
0.0501806
0.004143
0.0245665
-0.0205233
0.0119536
0.00936481
-0.00797034
0.000721784
0.0105516
0.021842
-0.0128114
0.00589292
0.0135678
0.0450328
-0.0330585
0.0156324
0.0397053
-0.00968677
-0.00834512
0.0808757
0.0278361
-0.0338396
0.0757932
0.0337592
-0.0608745
0.0215531
0.0376334
-0.044736
-0.0197915
0.00966991
-0.0109583
-0.0220979
0.0105502
0.00939645
0.000719636
0.0145255
0.0305831
0.0433989
0.000492448
-0.0123163
0.0699744
-0.00501191
-0.000244279
0.00971164
0.00542032
-0.0160106
-0.0371879
-0.020826
0.0116951
-0.0107423
-0.0041744
0.0473654
0.0534977
0.0123624
0.0249851
0.0317546
0.00310538
0.00406353
-0.00196895
0.0122219
-0.0130878
-0.0197209
-0.00625574
-0.0180907
0.00155623
0.00286687
-0.0331603
0.017553
0.0269178
0.0189474
0.0196692
0.0379727
0.028807
0.000491692
0.00638461
0.00444857
-0.0125342
-0.0223368
-0.0222083
-0.0212627
-0.0154456
0.014969
-0.00493048
-0.0158541
0.0200737
0.0105956
0.0366029
-0.00876774
0.0437931
0.0504187
-0.0175731
0.0246509
0.011065
-0.0153972
-0.0142393
-0.0346968
-0.00204459
0.0219309
-0.041063
-0.0104799
-0.00584074
-0.0131002
0.00559123
0.029054
0.000786275
0.0160459
0.0257575
-0.0153338
0.0151673
-0.00651674
0.00366501
-0.00789571
-0.00313417
0.000443365
-0.00645477
0.0160352
0.0206456
-0.000880946
0.0231217
0.0262271
0.0225387
0.0128178
0.0250397
0.0352077
0.0154868
0.00923108
0.00664431
0.0237044
0.00331547
0.0166668
-0.00453991
0.0146259
0.00256559
0.0222348
-0.00180798
0.00374321
0.0197388
0.00286758
-0.000435794
-0.01297
-0.00429907
-0.0110035
-0.00125844
-0.00120015
0.00601691
-0.00666551
0.000736207
0.00530604
0.00814973
0.00599291
-0.00277484
-0.00549339
0.0139176
0.00409639
0.00549145
0.00105254
0.00891111
0.0179276
0.00648658
-0.0110619
-0.0046349
0.000813723
0.00583765
-0.00775502
-0.0441111
-0.00751208
0.0215419
0.0300801
0.0228702
0.0408758
0.0565497
0.0407092
0.0186886
-0.0551657
-0.0863173
-0.0274359
-0.0114887
-0.0101915
0.0213476
0.0885048
0.196151
0.188265
0.160228
0.0277284
-0.0292213
0.0268262
-0.116261
-0.186045
-0.207822
-0.17017
-0.0534422
0.00413687
0.0208037
0.000759897
0.0541455
0.110975
0.0324343
-0.0236373
-0.0664057
-0.0854266
-0.0282955
-0.0287313
-0.0261974
-0.0304964
0.0205156
0.0425129
0.0335609
0.00857001
-0.0135994
-0.0128632
0.00794673
0.000592589
-0.00116644
-0.0194452
-0.00943466
-0.00326903
0.000827367
-0.00143312
-0.000380574
-0.00697334
-0.0045496
0.00193699
0.00637898
-0.0137598
-0.00519413
0.000643521
0.000640437
0.003041
-0.00447108
0.00156696
0.000639329
0.000253699
-0.00538217
-0.010848
-0.00114646
-0.00571365
-0.00661583
-0.00766177
-0.00408995
0.00767718
0.0052376
0.00332935
0.00656286
0.00116348
0.00338192
0.000819691
-0.0102116
-0.000673221
0.0106491
0.0106674
0.00291678
-0.00335472
0.00477002
0.00559142
0.0252322
0.0150281
-0.0462275
-0.0540975
-0.0283942
-0.00371183
0.0269145
-0.00848349
0.00686509
0.0638409
0.143637
0.140695
0.00167168
-0.0398283
-0.0980905
-0.0800335
-0.0016961
-0.0618071
-0.0901742
0.0418036
0.212939
0.366811
0.293102
0.237156
0.0245848
-0.0521073
0.0704906
-0.177952
-0.270197
-0.367769
-0.311569
-0.111391
0.0531433
0.117717
0.0175849
0.0414812
0.0987858
0.055555
0.04937
-0.0740217
-0.190047
-0.125662
-0.0667423
0.0251345
0.0194209
0.012805
-0.0103606
0.00880526
0.0552421
0.0372239
-0.00595836
-0.0304033
-0.0369917
-0.010354
0.0214735
0.0035099
-0.00491526
-0.017522
-0.00685457
0.00381415
0.00821136
-0.00252249
-0.00468301
-0.0104586
-0.0109344
-0.0106502
-0.00273224
-0.000118644
0.00392147
-0.000171827
0.0146005
0.0137136
0.00778713
-0.00361483
-0.0102064
-0.000782798
-0.00960331
-0.0146706
-0.00168086
0.00437498
0.00458338
0.00743247
0.00272443
0.0141128
0.00883095
-0.00814417
-0.0035462
-0.00221726
0.0154429
0.00841419
0.0087568
-0.0133778
-0.00130229
0.0282141
0.0486055
0.0319814
-0.0285966
-0.0265155
-0.00829013
-0.0102796
0.0297715
-0.0526414
-0.111159
-0.0453923
0.0537521
0.173056
0.167183
0.147844
-0.0176452
-0.0745174
0.0273111
-0.0492297
-0.0817733
-0.149747
-0.226662
0.0076641
0.291884
0.52266
0.464154
0.296448
0.193655
-0.131029
0.0898391
-0.0337325
-0.292069
-0.366519
-0.563025
-0.395664
-0.134997
0.180101
0.226493
0.12964
0.0907083
-0.04973
-0.0205125
0.072546
-0.0861076
-0.142826
-0.205624
-0.14546
-0.0360994
0.101755
0.152641
0.0409455
0.0173703
-0.0419208
-0.0355599
0.0120307
0.0271424
0.000340361
-0.00962883
-0.0329456
-0.0245314
-0.000270726
0.0096073
-0.00719887
-0.00999255
-0.000146705
0.000826936
0.0109901
0.0154823
0.00719216
-0.0263432
-0.0353314
-0.0259573
-0.00533353
0.0190416
0.0262821
0.0287959
0.0099325
0.01049
0.000596731
-0.0119052
-0.0233538
-0.0260719
-0.0148219
-0.00177832
0.0118697
0.0272858
0.0245959
0.0201237
0.00365749
-0.017724
-0.0101158
0.0138936
0.0107094
0.00023275
0.00273743
-0.0149448
0.01893
0.0341184
0.0309046
-0.0138011
-0.0276177
-0.0220089
0.0144358
0.0732329
0.0604724
-0.0530282
-0.0926242
-0.15793
-0.0844847
0.0878849
0.168065
0.1923
0.0813752
0.091313
-0.0386036
0.0667624
0.10097
-0.142813
-0.208694
-0.285873
-0.210231
0.190932
0.499734
0.662254
0.400544
0.308073
0.0500189
-0.143926
0.182482
-0.170869
-0.294922
-0.497032
-0.639654
-0.41142
-0.0807876
0.27822
0.25075
0.199513
0.0732698
-0.133852
0.000669018
-0.0142381
-0.0959108
-0.103761
-0.215104
-0.136903
-0.0379057
0.144507
0.125281
0.0801093
0.0304656
-0.074404
-0.0611203
-0.0014686
0.012425
0.0153825
-0.00764052
-0.020407
-0.0198478
-0.000917894
0.00219272
-0.0134143
-0.0194634
-0.0238253
0.000677438
0.0228652
0.0263306
0.00153169
-0.0204887
-0.0278416
-0.0307333
-0.0144428
0.00367467
0.0167005
0.0307058
0.0190577
0.0173474
0.00199965
-0.00875731
-0.00856254
-0.0195929
-0.0189847
-0.0102842
0.00429132
0.0246809
0.0205392
0.0161266
0.00581755
-0.0194423
-0.0159351
-0.00482262
0.0148687
0.0222943
0.0141945
0.00553482
-0.00621222
0.0164768
0.0287124
0.0201107
-0.00820919
-0.0102469
-0.0144965
0.0221941
0.0693748
0.016377
-0.0717819
-0.0980232
-0.142584
-0.0159211
0.0934601
0.168199
0.138441
0.071264
0.0629699
-0.03469
0.0902363
0.0267522
-0.177877
-0.18575
-0.263158
-0.066511
0.27023
0.501871
0.511815
0.265843
0.230875
-0.0952754
0.00617725
0.083306
-0.246953
-0.268677
-0.513972
-0.479798
-0.262469
0.0874293
0.253895
0.177572
0.161766
-0.0284786
-0.0964025
0.0373801
-0.0644004
-0.072963
-0.146819
-0.165804
-0.090817
0.0375054
0.139706
0.0904774
0.0678443
-0.0271133
-0.0620595
-0.0159791
0.010206
0.00957087
0.000857433
-0.0159559
-0.0259249
-0.00888132
0.00759548
-0.00245178
-0.0133489
-0.0138061
-0.00854917
0.00796208
0.0224043
0.00650776
-0.00812302
-0.0178894
-0.0306412
-0.0181869
-0.00310023
0.0205924
0.0104972
0.0171557
0.00314834
0.0118547
-0.0150834
-0.0101184
-0.0298778
-0.0217083
-0.0136602
0.00225131
0.0132597
0.0276761
0.0179188
0.0103542
-0.00287271
-0.0200592
-0.00680749
0.0071217
0.0129083
0.0140178
0.00115511
-0.00118857
0.0228897
0.0162347
0.0106407
-0.0145345
-0.0230091
-0.00852987
0.0172551
0.0603875
0.00474438
-0.0519041
-0.0706035
-0.101144
0.00436985
0.0918474
0.144857
0.0907639
0.0494583
0.0242794
-0.0260897
0.0978973
-0.00335312
-0.140434
-0.146367
-0.199773
-0.0141785
0.246718
0.40838
0.369463
0.188717
0.159864
-0.102004
0.0522377
0.029192
-0.188714
-0.228718
-0.407383
-0.332249
-0.153588
0.107295
0.173962
0.117035
0.0965242
-0.0568628
-0.0614664
0.0279077
-0.0491912
-0.0515576
-0.112443
-0.103144
-0.0470366
0.0404861
0.100257
0.0504142
0.0373253
-0.0375918
-0.0327126
-0.0140121
0.00243623
0.00955793
0.00696236
-0.0177795
-0.00887248
-0.0100611
-0.00267521
-0.00194442
-0.00680762
-0.0058382
0.00216046
-0.0063694
0.00313377
0.00150579
-0.00150176
-0.0146462
-0.0154823
-0.00809905
0.0117747
0.0105989
0.00816872
0.0136613
-0.0066478
-0.00562419
-0.00845806
-0.0113359
-0.0146891
-0.00783617
-0.00691628
0.0103649
0.0194422
0.0103465
0.00787332
-0.00250822
-0.00758961
0.00498788
0.0115112
-0.00601857
0.00766957
0.00500231
-0.00666107
0.0200642
0.0133961
0.0148466
-0.0018899
-0.0139746
-0.0132189
0.0135378
0.0264425
-0.00401611
-0.0381239
-0.0330515
-0.0613533
0.01225
0.056393
0.0713719
0.0343386
0.018317
0.0299715
-0.0102225
0.0529609
-0.0185114
-0.086787
-0.0688469
-0.0980487
0.0174408
0.146948
0.223347
0.19003
0.109835
0.100139
-0.0539554
0.0254778
0.00438241
-0.110514
-0.10738
-0.20665
-0.184896
-0.106519
0.00203006
0.0792023
0.0677212
0.0705681
0.00896939
-0.0393848
0.000479002
-0.0206491
-0.0213552
-0.0171872
-0.0396282
-0.0242086
-0.0233729
0.0102478
0.0141861
0.0245325
0.00915006
-0.0011101
-0.000947771
0.00404011
4.74111e-05
0.00953271
0.00945034
-0.00105122
-0.00771229
-0.010904
-0.00525977
-0.00591708
-5.50411e-05
0.00147418
0.00375912
-0.00595888
-0.0027722
0.000963631
0.00159939
-0.00044439
0.000217766
0.00471579
-0.000906723
-0.00705416
-0.00372327
-0.000910118
-0.00194632
0.00333502
-0.00571961
-0.000975168
0.00526105
-0.00157039
0.00115611
0.00309302
0.00275427
-0.00645696
-0.00247343
0.00658682
-0.00180122
-0.001493
0.000728944
0.00511135
-0.0123795
-0.0034808
-0.000828231
-0.0151813
-0.00542088
0.00436112
0.00604407
0.0117497
0.00479848
-0.00948795
-0.00236114
-0.00188214
0.00847655
0.0181291
0.0241977
7.33076e-05
0.0146244
0.00675532
0.024755
0.046693
0.0789775
0.0881276
0.0560097
0.04731
0.0513501
0.0513975
0.091938
0.116892
0.108089
0.0848729
0.0274573
0.00669368
-0.0224792
-0.00703038
0.0176996
0.00595486
-0.00775595
-0.0725437
-0.0948358
-0.116492
-0.0859289
-0.0624553
-0.0499876
-0.0508943
-0.0579485
-0.0926795
-0.0858377
-0.0490243
-0.0301854
0.00285468
-0.0136244
-0.00061138
-0.0254376
-0.0165295
-0.0211885
-0.0106822
0.0061166
0.0113951
0.01023
0.000676838
-0.0085681
-8.72215e-05
0.0127761
0.000396555
0.0124196
0.0115914
0.011914
-0.00125885
-0.00464967
0.00914634
0.00539221
0.00243875
0.000702738
-0.0016584
-0.00354055
-0.00281594
-0.000190695
-0.00700077
-0.00692746
-0.00780694
-0.00880356
-0.00730434
-0.00712292
0.00208717
-0.0028085
0.00668961
0.007488
0.00457457
0.00946049
0.00837524
0.00123647
0.000798404
0.000399986
-0.00315045
-0.00420871
-0.00343211
-0.0104625
-0.000514813
-0.00231189
-0.0100678
-0.00509211
-0.0069047
-0.0148698
0.00772842
0.00728861
0.0115646
-0.000570022
-0.0120069
-0.0116631
-0.0044775
0.00851371
0.00933606
0.0276946
0.0295741
0.0134589
0.00352517
0.00249951
0.0278227
0.0559001
0.0775206
0.0889157
0.060386
0.0610629
0.0447428
0.0601595
0.0884394
0.112092
0.0935037
0.0740873
0.0162338
0.014975
-0.0284344
0.0117197
0.00936
-0.0114571
-0.0262582
-0.0899321
-0.0934727
-0.111792
-0.0809754
-0.0569684
-0.0406401
-0.056199
-0.0650025
-0.0800588
-0.0716778
-0.0540868
-0.0181356
-0.00369405
-0.00395799
-0.0148873
-0.0209307
-0.0280593
-0.0190709
-0.00276863
0.0131352
0.00223285
0.00577608
-0.00540797
-0.000366589
-0.000881402
0.0123106
0.00224274
0.0126545
0.00574981
0.00638387
-0.00139159
0.013649
0.00970968
0.00138772
-0.00286721
0.000973583
-0.00350391
-0.00274214
-0.00115801
-0.00447115
-0.00590477
-0.00794977
-0.0044246
0.00582684
-0.00511016
0.00427834
0.00427956
0.000172015
0.0140464
0.0130937
0.00357299
0.00946889
0.012637
0.000697755
-0.00657378
0.00549802
-0.00152395
-0.00980478
-0.00723139
-0.0110155
-0.00165555
0.00239126
-0.00836307
-0.00527193
-0.00572133
-0.00898667
-0.00469077
0.00810824
0.00622785
0.00429246
-0.00644648
-0.00898589
-0.00314434
0.0202883
0.0254085
0.0372183
0.0177564
0.0106211
0.00519427
0.0158946
0.0510873
0.0638225
0.100214
0.0636867
0.0694628
0.048551
0.0559363
0.0705588
0.121629
0.11612
0.0977666
0.033749
0.0091251
-1.84263e-05
-0.00962528
0.0233402
0.00147211
-0.00139509
-0.062437
-0.0969487
-0.115195
-0.108601
-0.0743122
-0.0414573
-0.057159
-0.0693356
-0.0712607
-0.0996266
-0.0565886
-0.0445571
-0.0133773
-0.0148348
-0.00174107
-0.0214239
-0.0274589
-0.0225738
-0.0063722
0.00255789
0.00805592
0.0142839
-0.00327281
-0.00275227
-0.0137678
8.05239e-05
0.00247179
0.00961259
0.00434066
0.0141232
-0.00261541
0.00044576
0.00080206
0.00702991
0.00357044
0.0048759
-0.00410999
-0.00725433
-0.0102219
-0.000317293
-0.00185869
-0.00735807
-0.0122409
0.000705333
-0.00665584
0.00567176
0.0074788
0.00691719
-0.00691546
0.00053185
0.0103231
0.00424393
0.00503528
0.00263333
0.00247413
0.00721749
-0.00554515
-0.00417199
-0.00419041
-0.00606376
-0.00597936
0.00324469
-0.00590234
-0.0140758
-0.00249734
-0.0091649
0.00626533
0.00172055
0.0145268
-0.00387253
-0.00344066
-0.0126858
-0.0115373
0.00164158
0.0191
0.0367304
0.0296475
0.0124026
0.0142345
0.0100314
0.0339692
0.0586048
0.0844185
0.0924744
0.0679986
0.0492219
0.0542216
0.0559576
0.0947978
0.112774
0.0913784
0.0724632
0.016819
0.0142036
-0.0241104
0.00769944
0.0224813
-0.012708
-0.015584
-0.0817095
-0.0889638
-0.11469
-0.0917511
-0.0470981
-0.0467043
-0.0511932
-0.0659917
-0.0881515
-0.0824797
-0.059497
-0.029324
-0.0129837
-0.0124518
-0.00212868
-0.0288925
-0.0238572
-0.013472
0.00450605
0.0117235
0.0139303
0.00200641
-0.00993594
-0.000495824
-0.00647518
0.0122734
0.00637104
0.00779913
0.00530179
0.0116408
0.00240222
0.00412277
0.0108976
0.014777
-0.0041675
-0.00134944
0.00261718
-0.00349318
-0.00764902
-0.00967833
-0.0110386
-0.0141399
-0.0154093
-0.00537789
0.0053355
0.00192474
-0.00668006
-0.00722894
0.014258
0.0014644
0.0014224
0.00311647
0.012643
0.00913744
0.0152445
0.0101883
-0.00400049
-0.00530081
-0.00615537
-0.0139598
-0.0147343
-0.00418647
-0.00426659
-0.0084567
-0.0121492
-0.0105597
-0.00928753
-0.00212209
0.00543722
0.00850759
0.00453136
-0.00610071
-0.011061
-0.00854253
0.00864509
0.0189172
0.0297212
0.0198406
0.0142039
0.00585058
0.000130566
0.0356444
0.0473679
0.0690502
0.0633046
0.0533687
0.0451209
0.0386457
0.0431672
0.072794
0.0805932
0.078143
0.058776
0.0224186
0.0110375
-0.0168246
-0.00204757
0.0170407
-0.0153165
-0.0126993
-0.0627041
-0.0703531
-0.0877834
-0.0678142
-0.0431944
-0.0353479
-0.0484777
-0.0586461
-0.0644733
-0.0556495
-0.0318707
-0.0176127
-0.000644389
-0.0147259
-0.0116094
-0.0222222
-0.0130848
-0.00559222
-0.00315586
0.00834752
0.0107987
-0.00310865
-0.00156458
-0.00854697
0.00277044
0.0140077
0.00555102
0.0089057
0.0138498
0.00456232
0.00244023
0.000125508
-0.00687078
0.0131645
0.00706375
-0.00399727
0.00296408
-0.0116466
-0.000481344
-0.00176785
-0.00518304
-0.00648298
-0.000632397
-0.000501832
-0.00361716
-0.00276088
0.00427379
0.00556292
-0.00308389
0.00327736
0.00316342
0.00757092
0.00284559
0.00591939
0.014295
0.00330357
0.00246633
0.00575185
-0.00332082
0.00238355
-0.00383153
-0.00364411
0.00691243
-0.0015281
-0.00211377
0.00312611
-0.0104245
-0.0148593
-0.00369554
-0.0134136
-0.00229227
-0.00475009
-0.00613602
-0.00699895
-0.0013558
-0.00200019
0.00652976
0.00267231
0.0114579
0.0216289
0.00828476
0.0128808
0.00572449
0.0087712
0.0289184
0.0506096
0.0498146
0.052585
0.0433369
0.0256321
0.0345378
0.0483877
0.0762058
0.0631422
0.0477638
0.0176372
0.0152978
-0.000894273
-0.0126435
0.0213284
-0.00582217
-0.0140555
-0.0235752
-0.0520141
-0.066249
-0.0668814
-0.0441274
-0.0244888
-0.0350016
-0.0462317
-0.0406688
-0.0592565
-0.0327233
-0.0295599
-0.00648513
-0.00363954
-0.013224
-0.0144329
-0.0188813
-0.00866304
-0.0106631
0.00151993
0.00390348
0.00782389
0.00417979
0.00334028
-0.00593976
-0.000301586
0.00282452
0.00790386
0.00854848
0.00485293
-0.000808725
0.00465094
0.00765279
-0.00623516
-0.00548217
-0.00683798
0.0066657
0.00544352
-0.00738805
-0.0114341
-0.013061
-0.0047762
-0.00739924
-0.00167475
-0.000655485
-0.00274487
-0.00639884
-0.0030959
-0.00477445
0.00755472
-0.00557283
0.00570919
-0.000166697
-0.00148026
0.00739833
-0.00685337
-0.00472004
-0.00492613
-0.0058204
-0.00296
-0.00488746
-0.0029577
-0.00150927
-0.0018287
-0.00733117
-0.00381274
-0.000926705
0.00145749
0.000224537
0.00398264
0.00426259
0.00235353
0.00511252
0.00339693
0.00484475
-0.00164038
-0.00527992
-0.00300007
-0.00192913
0.00244538
-0.00621766
-0.00137691
-0.00760892
-0.00370544
0.00411845
0.000546299
-0.00386536
-0.00205318
0.00539717
-0.00728218
0.000621682
-0.00633372
-0.00148079
0.00546243
0.00236143
0.00226228
0.00377906
0.00604882
0.00696278
0.00587654
0.00356813
0.00393202
-0.00750204
-0.00505913
0.00566855
-0.00173069
-0.00340544
-0.00406092
0.000946143
0.00229924
0.00695528
-0.0055711
-0.00576832
-0.00358921
-0.00563196
0.00195328
-0.00727892
-0.00763252
-0.00673396
-0.00370206
-0.000876252
0.00105528
0.00584722
-0.00679218
-0.00199794
0.00424472
-0.00533592
-0.00491514
-0.000975942
0.00584929
-0.000445153
0.00753132
0.00376202
0.000272674
-0.00512574
0.00773872
0.00338371
0.000476524
0.00658809
-0.00644377
-0.00169191
0.0041309
-0.00117566
0.00035862
0.00673364
0.00687666
-0.00458072
0.00728967
8.40327e-05
0.00397061
-0.00583451
0.00731459
-0.00771953
0.000654094
0.00207231
-0.00716041
0.00605395
0.000663445
-0.00482621
0.00670479
0.00500167
0.00421251
0.00233712
-0.00184669
-0.00566661
-0.00541672
-0.0027239
-0.00480729
0.00121396
0.00556046
-0.0062524
0.00244568
-0.00300701
-0.00380367
-0.00162283
0.000360791
0.00452352
0.0066435
0.000844849
0.00131787
0.00143728
0.00245526
0.00650514
-0.00212305
0.00668417
0.00477945
0.00573921
-0.00401067
-0.00751789
-0.00510187
-0.00226508
0.00451092
0.00260827
-0.00558882
-0.00580944
0.00570452
-0.00177474
0.000851462
0.000838244
-0.00352999
0.00469848
0.00353462
0.00484279
-0.00460105
0.00728179
-0.00164581
0.00646475
0.00544646
0.00457118
0.0077424
0.00728013
-0.000387771
-0.0041691
-0.00225168
-0.00268902
-0.00265661
0.00574942
6.98e-05
0.000661328
-0.00103666
0.00737873
-0.00519942
-0.00624657
0.00650703
0.0029676
-0.00244722
0.00345803
0.00554335
-0.0076253
-0.00259727
0.000347379
-0.0061906
0.0071218
-0.00688254
0.00331509
-0.00744387
-0.00349559
0.00263351
-0.00475763
0.00751783
0.00640939
-0.000497699
-0.00693177
0.00225745
-0.00303922
-0.00428602
0.00134286
0.000275097
-0.00269739
-0.00471012
-0.000968858
-0.000734811
0.00191526
0.00740212
0.0041611
-0.000982565
0.00118055
0.00312306
0.00107564
0.00705284
0.000152366
-0.00676133
-0.00253938
-0.00559284
0.00569372
0.00278458
0.00593546
0.00546531
-0.00393243
-0.00521962
-0.0075251
0.00479801
0.00478848
0.00431667
-0.00382304
-0.000240199
0.00526006
-0.00518089
-8.55637e-05
-0.00208808
0.00573366
-0.00135695
0.00535833
0.00498512
0.00753764
-0.00646087
-0.00770578
0.00301376
-0.00718539
0.00402457
0.00181599
0.00194262
0.00709729
-0.000307265
0.00125407
0.000623936
0.00149334
-0.00294351
-0.00263544
0.0016209
-0.00349752
-0.000503219
-0.000737332
-0.00207988
0.00517436
0.00599453
0.000500041
0.00521276
-0.0068252
0.0022696
-0.00520724
-0.000152695
0.00288912
-0.00583167
0.00118545
-0.00465123
-0.00500105
0.00691199
-0.00182251
0.00710998
0.0024811
-0.0041952
-0.00489429
0.00301001
0.00400062
-0.00629069
-0.00413159
-0.0061898
0.00434671
0.00253024
0.000243614
0.00406312
0.00659543
0.00682227
0.00386834
0.000904881
-0.00253038
0.00139852
-0.00659362
0.00641838
-0.00651445
0.00115192
0.00681578
0.00479751
-0.00431138
-0.00670499
0.00603207
0.00581778
0.00710884
0.007155
0.00241683
0.00298337
-0.000743994
-0.00667995
0.00301462
0.00235997
-0.00569923
0.00330678
-0.00382122
0.00542406
-0.0052714
-0.0001549
-0.00628594
-0.00203152
0.0052172
-0.00327207
0.00239999
-0.00017759
-0.001935
0.00631698
0.0037778
0.00470453
-0.000777812
0.00176688
-0.00613775
0.00450331
0.00642357
-0.000142912
0.0029578
0.00570869
0.00486874
-0.00470571
-0.00534767
0.00488537
-0.00706177
-0.00420412
0.00655783
0.00280651
0.00426776
-0.00761577
-0.00605364
0.00604501
0.000823315
-0.00668501
0.00513005
0.00397354
0.00304387
-0.000839725
-0.00768678
-0.00246523
0.00668523
-0.00766033
0.00650999
0.00774748
0.00114746
0.00021131
-0.00274312
0.000697437
0.00174439
2.45248e-05
-0.00190964
-0.00255273
-0.00314967
0.00701909
0.00225053
-0.0062454
-0.00517341
0.00559314
0.000201175
0.00225388
-0.00219128
0.00173944
-0.000588442
0.0018921
-0.00601474
-0.00454874
0.00117168
-0.00136306
0.00311681
-0.00223514
0.00533921
-0.00434773
-0.00578269
0.00574705
0.00269964
-0.00583011
0.00368871
0.00530289
0.00205427
0.0007259
-0.00716895
0.00354079
0.00149754
-0.00138566
0.00166057
0.00406484
0.00119827
0.00188844
0.00543626
0.00424215
-0.000703273
-0.00418745
-0.00405128
-0.00235298
-0.0040599
0.00451535
0.00558228
0.00296039
-0.00081801
-0.00552608
0.00138614
0.00145129
0.006738
0.00567129
0.0057629
0.00452095
0.00451649
-0.00208799
0.00587526
-0.0046198
0.00382958
-0.00217797
0.00559849
-0.00406308
0.00113612
0.00573839
0.00500554
-0.000495869
0.00101067
0.00358919
0.0014304
-0.00612037
0.00388545
-0.00605776
0.00343362
-0.00490676
0.00473727
0.00647447
-0.0058262
0.00309742
-0.00601758
0.00485117
-0.0051359
-0.00754863
-0.00414442
-0.00217517
-0.00418007
0.00627151
-0.00731054
0.0041301
0.00168106
-0.00401662
0.00446122
0.00504421
0.000833059
-0.00542134
0.000944932
-0.00514644
0.00667033
0.000116661
-0.00574684
0.00744136
0.00393157
-0.00452364
-0.000959153
0.0027415
-0.00736341
-0.00367138
-0.00690797
0.00642625
0.0016347
-0.00693525
-0.00470939
0.00442868
-0.00187197
-0.0028859
-0.00496655
-0.00695559
0.00531729
0.00208184
0.00774579
0.00586912
-0.00650262
0.0050789
-0.00485101
-0.00700446
-0.0033156
0.00557246
0.0035589
0.000812506
-0.0074353
0.0013273
-0.00283544
0.00634689
-0.00752542
0.00411197
0.00580615
0.00148783
0.004333
0.00131833
4.08685e-05
0.0019666
-0.00268792
-0.000953557
-0.00385432
-0.00123829
-0.00103498
0.00257253
-0.00735458
-0.00378271
-0.00526314
-0.00482174
0.00706029
0.000989413
0.00472473
0.00143402
-0.00127371
0.00731129
-0.00586199
0.00283488
0.00544038
0.00435877
-0.00327651
-0.00127141
-0.00158199
-0.00540235
-0.00217406
0.00461873
-0.000391705
-3.18062e-06
0.00407738
0.00492135
0.00359566
-0.00252158
-0.0017049
0.00133765
-0.00198561
0.00389436
-0.00674348
-0.0039581
-0.00316175
-0.0055964
0.00423738
0.00423124
0.00234842
0.00359774
0.000924702
0.00382563
0.00457311
-0.00649443
0.00682997
0.00263693
-0.0043025
-0.00398586
0.00509338
-0.00549401
-0.00689906
-0.00667254
0.00519137
0.00324558
-0.00301853
-0.00643747
0.00263281
-0.00507826
0.00464028
-0.00579958
0.000998805
0.00489642
-0.00409381
0.00262315
-0.00255625
-0.0021589
0.00181033
0.00429913
0.00722933
0.00653768
-0.000224842
-0.00325204
0.00593391
-0.00309173
-0.00353238
-0.00164244
-0.0065595
0.00663282
0.00323965
0.00771508
-0.00130826
0.00486169
0.00721127
-0.00271472
-0.00584793
0.0015123
-0.00624282
0.0055865
0.00275591
-0.00140037
0.00382998
-0.00562685
0.00346273
-0.00627482
0.00537148
0.00637993
-0.0053301
-0.000739919
0.00141562
-0.00209894
-0.00561964
0.00448072
0.000326517
-0.00650072
0.00507685
0.00189802
0.00315554
0.00223356
-0.00288144
0.000567994
0.00433407
0.00167551
0.00393344
0.00478632
0.00586572
0.00330516
-0.0012012
0.00353221
0.00484669
-0.000272445
0.00240123
-0.000710428
0.00124193
-0.0055112
0.00713716
-0.00470859
0.0056665
-0.00464169
0.000951354
-0.00499025
0.00706082
0.00653821
0.00532396
-0.00265282
0.00184707
2.90441e-05
0.00468925
-0.00659507
-0.000485572
0.000706868
-0.000412255
-0.00492455
-0.0049614
0.00148227
-0.00140798
-0.00194865
0.00308857
0.00499258
-0.00124706
0.000262063
-0.00190337
-0.0068994
-0.000547831
-0.00446978
-0.0023447
-0.00663391
-0.00515679
-0.00753725
0.00659462
-0.00648742
0.000524601
-0.00581172
-0.000158719
0.00197358
-0.00129764
0.00678081
-0.00747184
0.00535694
-0.000496969
-0.00509337
0.00489213
-0.00574125
0.00257868
-0.000839187
-0.00691562
0.00476976
0.00180414
-8.20802e-05
-0.00452886
0.00202188
-0.00219784
-0.00510309
0.0023764
-0.00297431
0.0040672
-0.0024428
-0.000202065
-0.000816845
0.00222651
0.000141073
0.00325132
-0.00354926
-0.000787573
-0.00147869
-0.00269242
-0.0051204
-2.12822e-05
-0.00592615
0.00185483
-0.00120786
-5.09925e-05
0.00721537
0.000170303
0.00750999
-0.0051665
-0.00237596
0.00685824
-0.00230168
0.00350161
-0.00116176
-0.00392112
0.00258376
-0.00490611
0.00094245
0.00179499
-0.00650478
-0.00322263
0.00218461
0.00330264
0.00589779
0.00611248
0.00495516
0.00621968
-0.00100765
0.000932565
-0.00697809
0.00274743
-0.00630215
-0.00727328
-0.00699318
0.0061157
-0.00213321
0.000525356
-0.00233445
-0.000323763
-0.00549702
0.00141573
0.00225205
-0.000730132
-0.00667793
0.000991924
0.004215
-0.00151505
0.00403904
0.00668788
0.00131235
0.00608998
0.00240524
0.00771437
-0.000239629
0.00669546
0.00117003
-0.00644083
0.00456243
-0.00673877
0.000225594
0.00649884
-0.00394551
-0.00131397
0.00641669
-0.0072614
0.00234537
-0.00661443
0.00108652
0.000549953
-0.00703168
-0.00727363
-0.00468819
0.000687783
-0.00020591
0.00524435
0.000994029
0.00758421
-0.00408885
0.00624685
-0.0064112
0.00228319
-0.00367376
-0.00242661
0.0021027
-0.00346463
0.00758995
0.0057358
0.00409634
0.00129957
-0.00023269
0.00651159
-0.000307779
0.000466067
-0.00453844
-0.00308866
-0.00261
-0.00185125
-0.00348749
0.00213124
-0.00509534
0.000322143
0.00775032
-0.00549864
0.00366903
-0.00183085
0.00519095
0.00626496
-0.000495058
-0.00403199
0.00220489
-0.00150801
-0.00257206
0.00649222
0.00483026
-0.000516438
-0.000554002
0.00695831
0.00590183
-0.000680072
0.000631034
-0.00255848
-0.00154531
0.00643222
0.00517913
-0.00651832
-8.03511e-05
-0.0014156
-0.000925067
-0.00633164
-0.00519413
0.00364433
-0.00355766
-0.0028374
-0.0023591
0.000704649
-0.00635951
0.00118652
-0.00132106
0.0074249
0.00725718
-0.00458361
-0.00608869
-0.00474795
0.00528717
-0.00613853
-0.000813199
-0.00646244
-0.00217513
-0.00233711
-0.00435325
0.00749503
0.00104266
-0.00694197
0.00732156
-0.000738156
0.00747985
-0.00481053
-0.000147257
0.00499468
-0.00460851
-0.00034406
-0.00596476
-0.00330817
0.00476591
0.00476429
0.00701759
0.00293469
-0.0066481
0.00629479
0.0048078
-0.00343919
0.000280751
-0.0052663
0.000977633
0.00615751
0.0048978
0.00197612
-0.00629226
0.00090568
0.000112049
-0.00173806
0.00533381
-0.0017871
0.00340637
-0.00589088
-0.00721059
0.00572047
0.00695409
-0.000878196
0.00545814
-0.00321887
-0.00179857
0.000759245
-0.00334837
0.000845914
0.00576045
-0.00435058
0.004106
0.00549843
-0.00106698
0.00536389
0.00503686
0.0045421
0.00771043
-0.0061302
-0.00312622
-0.00559098
-0.00397757
0.00296117
0.00425067
-0.00567639
-0.00026157
0.00313712
0.00288021
-0.00382907
-0.0030191
-0.00344948
0.0035643
0.00329222
0.00623362
-0.00166557
-0.00442283
-0.0012794
0.00612848
-0.00758822
-0.00314445
-0.00613047
0.00638576
0.00565141
0.000834165
0.001938
0.000480847
-0.00246329
0.00184946
-0.00562173
-0.00313609
0.00559348
0.00399906
0.00114492
-0.0046309
-0.00317122
0.0054864
-0.00215349
0.00386039
0.00144226
0.0074071
0.00306153
0.00492259
0.00546394
0.00343247
0.00263463
-0.00599551
0.00721457
-0.00375624
0.00219714
-0.00479556
-0.000391983
-0.00729801
0.00621438
-0.00588814
0.0059698
0.00371629
-0.00510262
-0.00749067
0.00529813
0.00208829
0.00204678
0.00366852
-0.00720963
-0.00504868
-0.00127431
-0.00606508
0.00593753
-0.00749081
-4.38664e-07
-0.00461526
0.00601689
-0.00556412
-0.000831281
0.00347118
-0.000716454
-0.00517618
-0.00669449
-0.000608129
0.00272098
-0.00631037
0.00757005
0.00773376
-0.00316263
-0.00154116
-0.00290734
-0.00500787
0.00357824
-0.0022357
0.00599708
-0.00421814
0.00538325
0.00751346
-0.00337456
-0.00553302
0.00621798
-0.000389043
0.00273199
0.00731271
0.00504717
-0.00485826
0.00675406
0.000444385
9.95484e-05
-0.00459086
-0.00742021
0.00579567
0.0014762
-0.00364111
-0.00188468
-0.00242205
0.00157365
-0.00398115
-0.00102476
0.00633519
0.00678912
0.00525156
0.00711536
0.00533322
0.00129758
0.00394689
0.00420816
0.00175435
-0.0039093
0.00588942
0.001806
0.00234831
0.00505157
-0.00397467
-0.00228782
-0.00410223
-0.0038411
0.0039104
0.00704708
0.00531203
0.00749985
-0.00108337
-0.00536413
0.00167136
0.00424712
0.00530457
-0.0030555
0.00741741
-0.00664489
-0.00682678
-0.00684496
-0.00225564
0.00395513
-0.00670415
-0.00396008
0.0073701
-0.00261754
-0.0043724
-0.000838601
-0.00320728
-0.00344576
0.000931618
0.00315054
0.00161658
-0.0065244
0.00395953
0.0035203
0.000815533
0.00370921
0.00271134
-0.00459622
0.00325527
0.00641635
0.00674808
0.00479181
-0.00148393
0.0026269
-0.00700972
-0.00167983
0.00764576
-0.00408732
0.00263985
0.0012231
0.000260283
-0.00224009
-0.00287667
-0.00529538
0.00375413
-5.09146e-05
-0.00359469
0.0059116
-0.00574964
-0.00761216
0.00194579
-0.00345784
-0.00615821
-0.00238094
0.00308318
0.00673288
-0.00486015
0.00680218
0.00609732
0.00365742
0.00340533
-0.00542997
-0.00304216
0.00638113
0.00287632
0.000428945
0.00512538
0.00479086
0.0058979
0.00682306
0.00773004
-0.00227754
-0.00607434
-0.00502655
-0.00123469
-0.00161653
0.00351786
0.0068974
-0.00169314
0.00285152
0.00715769
0.000337375
-0.00426402
0.0051045
0.00633204
0.00253963
-0.001692
0.00687547
0.00283274
-0.00220786
0.000947857
-0.00354881
-0.0048844
-0.00588826
0.00665548
-0.00258038
-0.00770542
-0.0069632
-0.000891098
-0.000997276
0.00266734
-0.00244475
0.00653029
-0.000961368
0.00455048
-0.00607813
-0.00362157
-0.00761938
8.16468e-05
0.00423889
0.00239855
0.00440085
0.00454063
-0.00126552
0.00302857
0.00462231
-0.00551057
0.00532454
0.00430549
0.00719727
0.00624751
0.0045929
0.000498379
-0.00384823
-0.00152627
0.00318351
0.00181271
-0.00306292
0.00511797
0.00249141
-0.000469671
-0.00232371
-0.00325258
-0.00327448
0.00219993
0.00387752
0.00660291
-0.00238373
0.00375168
-0.000482399
-0.00133694
0.00472186
-0.000178558
-0.000772802
0.00731651
-0.00469945
-0.00734689
0.00673709
0.00152478
0.00758472
0.00670825
0.00178905
0.00733312
0.000529041
0.00473217
0.0075997
-0.0060405
-0.00713695
-0.0019654
-0.00191888
-0.00113015
0.00573069
-0.00301852
0.00740075
-0.00279594
-0.00401759
0.00277298
-0.000428476
0.00124534
0.0053757
0.00550827
-0.00216203
-0.00567507
0.00447542
0.00112433
-0.00208698
0.00439943
-0.000323931
-0.00345356
-0.0012122
-0.00363959
-0.00708605
-0.00764071
0.00635874
0.0031997
-0.00405386
-0.00015015
0.00607552
0.00150709
-0.00443214
0.000256885
-0.00237709
-0.00763761
-0.000355345
0.00507289
-0.00593163
-0.00145417
-0.00700618
0.00462328
0.00347425
-0.00666142
0.0048422
-0.00339214
0.00302287
-7.20814e-06
0.00756617
-0.000958568
-0.001394
0.00165849
0.00206354
0.00104869
-0.00517846
-0.00534569
-0.00638938
0.00315161
0.00273279
-0.0044901
-0.00750987
-0.00766211
-0.00595067
-0.00533569
0.000450852
0.00628391
-0.00259818
-0.00461943
0.000113984
-0.000237203
0.0047188
-0.00705073
0.00347419
-0.00470622
0.00429105
0.00191482
-0.000328854
0.00526106
0.00733792
0.0040614
-0.00256621
0.00309875
-0.000253761
0.00717425
-0.00403125
0.00250849
0.00662083
0.00728672
0.00739795
0.00600475
0.00145251
0.00515059
-0.0027515
-0.00442791
0.00483112
-0.00735295
0.000655868
0.00603072
0.00614505
-0.00196224
-0.00464129
-0.00282098
0.00347679
0.00422255
0.00109389
-0.0031838
-0.00209328
-0.00500302
-0.000643219
-0.00537229
0.00237244
0.00218667
-0.00652384
-0.000165893
-0.00625934
0.00355614
-0.0031471
-0.00057363
0.00183262
0.00319518
-0.00140515
-0.00642429
-0.00316246
-0.00292039
-0.00283057
-0.0010293
0.00138695
-0.00591414
-0.00738217
-0.00222841
0.000904094
-0.00673386
0.000780875
-0.00225227
-0.00155106
-0.0058288
-0.00278309
-0.00624397
0.00342278
-0.00465801
-0.00714889
-0.0075629
0.00425044
-0.00606771
0.00478297
-0.00322272
-0.00380041
-7.97298e-05
-0.00532318
-0.00645429
-0.0069195
-0.00727349
0.00648319
0.000183768
-0.00241758
0.00258286
0.00590689
0.00298607
0.00338505
-0.00371102
-0.00543224
-0.00703913
-0.00124942
0.00186123
0.00679219
0.00251704
-0.00101235
-0.00767041
-0.00310227
0.00255638
0.0053053
-0.00308986
-0.00071021
-0.00608971
0.0038489
0.005077
-0.00284083
-0.00134823
-0.00554402
-0.000939187
0.00623912
0.000319805
-0.00423695
0.00210984
0.00343749
-0.00747691
-0.00264536
0.00227601
-0.00650523
0.00263366
0.00447146
0.00484123
-0.00513913
0.00351691
0.00453498
-0.00243608
0.00306359
-0.0062394
-0.00431627
0.000652585
0.00216055
-0.0021686
0.000925325
0.00152837
0.00171741
-0.00178409
-9.98579e-05
-0.00306882
0.00146039
0.00541192
-0.00241975
9.00649e-06
0.00130666
0.00213909
0.00261754
0.0013488
-0.00621937
-0.000885014
-0.00605409
0.00760473
0.00283886
-0.00152802
0.00251289
0.0048326
0.00554541
-0.00345595
0.00615721
0.00519746
-3.74411e-05
0.00670214
0.00678368
-0.00407053
0.00623779
0.00379115
-0.00705064
-8.9147e-06
0.00165331
-0.00224973
-0.00492466
-1.35527e-05
0.00639016
-0.0069058
-9.30528e-05
-0.00160587
0.00646587
-0.00552302
0.00433876
2.43127e-05
0.000299344
0.00540592
-7.00098e-05
0.0011767
-0.00394158
-0.00722206
0.0053711
-0.00751996
0.00374888
0.000531925
0.00584778
0.00115944
0.00267198
0.00610765
-0.000991704
-0.00658309
-0.000999759
0.0076775
0.00145394
-0.00458059
0.00138726
-0.00646453
-0.00178142
0.00743092
0.00509089
-0.0050808
0.00268015
-0.00376513
0.0061259
0.000991504
-0.00541164
-0.00387907
0.00298785
0.0046857
0.00453849
-0.000374582
0.00584933
0.000610287
-0.00230905
-0.00451558
-0.000219599
-0.00181433
-0.0043688
0.00334569
0.0022959
0.00132764
0.00500904
0.00349489
-0.000465897
0.000235399
-0.00752545
0.0018798
0.00738201
-0.00529459
0.00244379
0.00108201
0.00192815
-0.00591684
0.000229226
-0.00105684
0.00117208
-0.00224109
0.00553516
-0.00191744
-0.00426345
0.00341847
-0.00315677
0.000653588
0.00118346
-0.00119738
-0.000965403
-0.00496846
0.0033154
0.00141125
-0.00518125
0.00524266
0.00359837
-0.00514527
-0.00397642
0.00277576
0.00270132
-0.00359668
-0.000425326
-0.00679
-0.0055026
0.000467925
0.000146902
-0.00251414
0.000157
-0.00491479
-0.000927982
-0.00255402
0.00618942
-0.00697415
-0.00310128
0.00763851
0.00457227
0.00135883
-0.00676769
0.00683358
-0.000308076
0.00513481
-0.00713271
0.000399626
0.00633724
-0.0057835
0.00531413
-0.000141912
-0.00656622
0.00619476
0.00193771
-0.00628012
0.00170722
0.0019337
-0.00393844
-0.00430837
-0.00185102
-0.00715916
0.00167479
-0.004149
-0.00231391
0.00566726
-0.00314152
0.0057825
-0.00421053
-0.00642731
-0.000592803
0.00289568
-0.00143778
0.00315739
-0.00394096
0.00499444
-0.00395487
0.00283166
0.00561514
0.0011786
-0.00516209
-0.0025914
-0.00510068
0.00624964
-0.00664757
-0.00287206
0.00765564
0.00260502
0.00676028
-0.00141698
-0.000455045
0.0017943
-0.00548972
0.00240912
0.00764692
5.19829e-05
0.00288913
-0.00579079
-0.00059287
-0.00215539
-0.0013776
0.00327306
0.00315963
-2.00413e-05
-0.00641315
-0.00542891
-0.00634727
0.00109659
-0.00152054
-0.000901313
0.00725025
0.00583555
-0.00769989
0.00536618
-0.00252767
-0.00134195
-0.00289913
0.00679053
-0.00724153
0.00221762
-0.00360062
0.000212882
0.00365645
-0.00594651
-0.00535374
0.00407299
0.00767593
-0.00238992
-0.0044746
0.000135821
-0.00183361
0.0017078
0.00303243
-0.00531231
0.00533531
-0.00385441
0.00705491
-0.00463798
-0.00739548
-0.00359842
0.00698518
0.00484838
-0.00172496
0.000864891
0.00602543
-0.00682719
0.00717438
-0.00722512
-0.00234524
-0.00244154
-0.00758846
0.00692376
-0.00224516
0.00505174
-0.000905904
0.00135632
-0.0039865
-0.00409151
0.00371241
-0.0011504
0.000810752
-0.00753406
-0.0019375
0.00443684
-4.20459e-05
-0.00463436
0.00309754
0.00443632
0.00675935
-0.00733986
0.00150867
0.00774007
-0.00091318
-0.00141487
-0.00333125
-0.0032792
-0.00566497
-0.000440702
0.00596929
-0.00468178
-0.00564319
-0.00513279
0.00483677
-0.00651578
0.00144904
-0.00264645
-0.00084102
0.00155718
-0.00212176
-0.00219778
0.00316424
0.00644158
-0.00117453
0.00474379
-0.00130035
-0.00601986
-0.00358024
-0.00599687
-0.00209934
-0.00279637
0.000317587
0.000674044
0.00482756
0.00406081
0.00115725
0.00718423
0.000297179
-0.00142933
-0.000504583
-0.00108214
-0.000555322
0.00485137
-0.00534211
-0.00517863
-0.0060068
-0.000500019
-0.00320022
0.00364581
-0.00274981
0.00101564
0.00467606
0.000636531
0.00723807
0.000296885
0.000514767
0.0063292
0.0030141
-0.00477988
-0.0016623
-0.0063167
0.00587156
0.00487897
0.00529106
-0.00095221
-0.000964077
0.00587468
-0.00329213
0.00112856
0.00560129
0.00768826
-0.000504375
-0.00228703
0.000783132
0.00289188
0.00551103
0.00259586
0.00383202
-0.00247088
0.00263461
-0.00595835
0.00335077
-0.00652294
-0.000968774
-0.00555647
-0.00686682
-0.000289418
-0.00329757
0.00315402
0.0048861
-0.00644608
-0.00469101
0.000961585
0.00591716
-0.0015172
0.00690879
0.00398441
0.000293279
-0.00630141
-0.00686912
0.00117999
0.0075026
-0.000753923
0.00591588
-0.00239138
-0.00529195
-0.00288211
-0.000308802
0.00143633
-0.00681562
-0.00226391
-0.00637003
-0.0013679
0.00739968
0.0043238
-0.00279161
-0.00330547
0.00474335
-0.00249382
-0.00391656
0.00684948
-0.00568234
0.00040729
0.00184253
-3.78532e-05
-0.00291082
-0.0053717
0.00142803
-0.00728799
0.00633863
-0.00470543
0.00417507
0.00202442
0.00196075
-0.00629556
-0.000830653
0.00770442
0.00284436
0.000603446
-0.00455263
0.00703133
-0.0031915
0.00719505
-0.00651524
0.00458746
0.00581647
-0.00290425
-0.000708776
0.000176339
0.00763886
-0.00341064
0.00749531
0.00462947
0.00593533
-0.00650762
0.0022059
0.000371122
0.00660586
0.00576271
0.00199519
-0.00546347
-0.00401295
-0.00313013
0.0058018
0.00555246
-0.0029534
-0.00478946
0.000571095
0.00303109
-0.00760297
-0.00015983
-0.00647543
-0.00553912
-5.10858e-05
0.00133082
0.00771486
0.0073626
0.00393446
-0.00660908
-0.00216262
-0.00517121
8.69107e-05
0.00392229
0.00301983
0.00508943
-0.00225522
0.00733924
-0.000450551
0.00439057
0.00677081
0.000446902
0.000910854
-0.000502451
0.00254406
-0.00103281
-0.00676033
0.00295236
0.00440873
-0.00417386
-0.00422138
0.00637491
-0.000773581
0.00242573
0.00170512
0.00626556
0.00570867
0.00694536
0.00378089
0.00184541
0.00669311
-0.00176761
0.00616067
0.00604759
-0.00511499
-0.00537162
0.00700979
0.00519318
0.0064375
0.00089147
-0.00648935
-0.00763542
0.00587923
0.000122478
0.00241094
0.00614993
-0.00473214
-0.00668228
0.00662212
-0.00408322
-0.00112075
0.00720229
0.00248144
0.00263041
-0.00528136
-0.00400485
-0.00179204
0.00590882
-0.000512298
-0.000549373
-0.00093871
-0.00475618
-0.00361333
0.00197599
0.00455673
-0.0031083
-0.00693795
0.00383382
0.00117131
0.00666802
0.00625533
-0.00194716
-0.00530853
-0.00628966
0.00190918
-0.0049319
0.00231758
-0.0028903
0.00382883
0.00482043
2.08503e-05
-0.00332236
0.000255719
0.00378627
0.00240925
-0.00611627
0.00406139
-0.00198543
-0.00347181
-0.00551508
-0.00632165
0.00521117
-0.000695352
-0.00175418
0.00423015
0.00263888
0.000934531
0.00357148
0.0059518
0.00520965
0.0026509
0.00133646
-0.005524
-0.00426141
-0.0041449
-0.0060176
0.00185681
-0.00348418
-0.00508619
-0.00206638
-0.000996722
-0.00212654
0.00154218
-0.00733051
0.00762372
0.00235321
-0.00276832
-0.000297737
0.00344935
-0.00609463
0.00756613
-0.000698109
0.00650446
-0.00218619
0.000809562
0.00494817
-0.000827771
-0.00402298
0.000620656
0.00143465
-0.00248347
0.00643977
0.00535586
0.00385925
-0.00583985
-0.00339645
-0.00193417
0.00772695
-0.00495689
0.00511264
-0.0055296
0.00605117
0.00311966
-0.00461143
-0.000181847
-0.00767807
0.00386014
-0.00148255
0.00015312
-0.00353742
0.00222909
0.00650921
-0.0067578
-0.00532752
0.00763559
-0.000811698
0.00518606
0.00166427
-0.00344879
0.00523767
0.00105721
-0.000742926
-0.00328521
0.00711763
0.000702151
0.00293008
0.00642061
-0.00547622
-0.00374189
0.00586686
-0.00536926
-0.00270351
0.00298205
-0.00576661
-0.000141214
-0.00635098
-0.00592955
-0.00605777
0.00404738
-0.00647287
0.000981332
-0.00332126
-0.00166395
-0.00184976
0.00520407
0.00395659
-0.00598154
0.00257996
-0.000223809
0.00670036
-0.00507456
0.00329803
-0.00301926
0.00224921
0.000937046
-0.00145903
-0.00535172
-0.00343964
0.000915855
0.00673363
0.00670864
-0.00600018
0.0068644
-0.00641714
0.00738596
0.00275368
0.0058942
-0.00203959
-0.00196572
-0.00585751
0.00041188
-0.00718694
-0.00297242
0.0070086
0.00576588
0.00676001
-0.00631944
-0.00643579
0.000504451
-0.00206143
0.00735477
-0.00384596
-0.00636022
0.00244893
-0.00604593
-0.00157921
-0.00221352
0.00624057
0.00141871
8.73852e-05
0.0023631
0.00637315
0.00448807
0.00687075
-0.00358469
0.00714929
-0.00636926
0.00124147
0.00264243
0.00446482
0.00615899
0.00245444
0.00373351
-0.0030371
0.00139358
0.00748157
-0.00212013
-0.004668
0.00704052
-0.00669296
0.00363893
-0.00433681
-0.00538839
-0.00271101
-0.00716492
-0.00243224
0.00756891
0.000754014
0.00704692
-0.00605674
-0.00174444
0.00692335
0.00590504
0.00486175
0.00661351
0.00572596
0.00706076
0.00669478
0.00169653
-0.000161212
0.00555114
-0.00416652
-0.0022721
0.00589172
0.00645672
-0.00426764
-0.00501098
-0.00699704
0.00751491
-0.00655647
-0.00524032
0.00301607
-0.0067973
-0.00719446
-0.00328848
-0.00189677
-0.00719978
-0.00549377
