16 16 18
3 7
1 1 4
3 1 5
6 1 4
3 1 5
6 1 4
3 1 5
6 0 0
5 9
0 0 3 1 5
0 0 6 1 4
3 1 1 1 5
6 1 1 1 4
0 0 3 1 5
0 0 6 1 4
0 0 0 0 2
0 0 0 0 2
0 0 0 0 5
2 4
0 2
2 2
2 2
6 5
6 7
3 1 1 4 0 0
6 1 4 2 3 4
0 3 5 6 5 2
0 6 1 1 4 2
0 0 0 4 2 0
0 0 0 2 2 0
0 0 0 6 5 0
4 4
2 0 1 4
2 3 4 2
2 2 2 2
6 5 6 5
1 1
1
3 5
3 4 0
2 2 0
2 2 0
2 2 0
2 6 5
9 3
3 1 1 1 1 0 0 0 0
6 1 1 1 1 1 1 1 4
0 0 0 1 1 1 1 1 5
3 5
0 0 4
3 1 5
2 0 0
2 0 0
2 0 0
3 5
3 1 1
6 1 4
0 0 2
0 0 2
0 0 5
5 3
0 1 1 1 4
3 1 1 1 5
6 0 0 0 0
3 3
3 4 0
2 2 0
0 6 5
3 3
3 1 1
2 0 0
2 0 0
7 5
3 4 0 0 0 0 0
2 2 0 0 0 0 0
0 2 3 4 3 4 0
0 2 2 2 2 2 0
0 6 5 6 5 6 5
5 2
3 1 1 1 1
6 0 0 0 0
8 6
0 0 0 0 0 3 1 5
0 0 0 0 0 6 1 4
0 0 0 3 1 1 1 5
0 0 0 2 0 0 0 0
3 1 1 5 0 0 0 0
6 1 0 0 0 0 0 0
7 7
3 1 1 4 0 0 0
6 4 3 5 0 0 0
3 5 6 4 0 0 0
6 1 4 2 0 0 0
0 0 2 2 0 0 0
0 0 2 2 6 1 4
0 0 0 6 1 1 5
7 5
0 0 0 0 0 3 5
0 0 0 0 0 6 4
3 4 3 4 3 4 2
2 2 2 2 2 2 2
0 6 5 6 5 6 5
