20 20 22
10 5
0 3 1 1 4 0 0 0 0 0
0 6 1 4 2 0 0 3 4 0
0 0 0 2 2 3 4 2 2 0
3 1 5 2 2 2 2 2 2 0
6 1 1 5 6 5 6 5 6 5
7 2
3 1 1 1 1 1 1
6 1 1 0 0 0 0
2 1
1 1
5 9
0 3 4 0 0
0 2 2 0 0
0 2 2 0 0
0 2 2 0 0
0 2 2 3 4
0 2 2 2 2
0 2 2 2 2
2 2 2 2 2
6 5 6 5 6
6 4
3 4 3 1 1 4
2 2 6 4 3 5
2 2 3 5 0 0
2 6 5 0 0 0
5 8
3 1 1 4 0
2 3 1 5 0
2 6 1 4 0
2 3 1 5 0
2 2 3 4 0
2 2 2 2 0
0 2 2 6 5
0 6 5 0 0
5 4
6 1 1 1 4
3 4 3 4 2
0 2 2 2 2
0 6 5 6 5
7 4
3 1 1 1 1 0 0
2 3 4 3 4 3 1
6 5 6 5 2 2 0
0 0 0 0 6 5 0
3 5
3 4 0
2 2 0
2 2 0
2 2 0
5 6 5
5 6
3 1 4 3 0
2 3 5 6 4
2 6 1 1 5
6 1 1 1 4
3 1 1 1 5
6 1 1 1 4
5 3
3 4 2 0 0
2 6 5 0 0
6 1 1 1 1
6 3
0 0 0 3 4 0
2 3 4 2 2 0
6 5 6 5 6 1
8 5
3 4 3 1 1 1 1 4
2 2 6 4 0 0 0 5
2 6 1 5 0 0 0 0
6 1 1 1 4 0 0 0
0 0 0 0 5 0 0 0
7 6
0 0 0 0 3 0 0
0 0 3 1 5 0 0
0 0 2 3 1 1 4
3 4 6 5 3 1 5
0 2 3 4 6 1 4
0 6 5 6 1 1 5
3 5
3 4 0
2 6 5
2 3 4
6 5 2
3 1 5
1 5
2
2
2
2
6
4 5
3 1 1 4
6 4 3 5
3 5 6 4
2 3 1 5
0 6 1 0
4 3
0 0 0 3
0 0 0 2
1 1 1 5
6 6
3 4 3 4 3 4
2 2 2 2 2 2
2 2 2 2 2 2
2 2 2 2 2 2
0 6 5 2 2 0
0 0 0 6 5 0
7 8
3 4 3 4 0 0 0
5 6 5 6 4 0 0
0 3 1 1 5 0 0
0 6 4 3 1 4 0
0 3 5 6 4 2 0
0 2 3 1 5 6 4
0 2 2 0 1 1 5
0 6 5 0 0 0 0
5 3
0 3 4 3 4
2 2 6 5 0
6 5 0 0 0
2 1
1 1
