22 22 27
8 7
0 0 4 0 0 0 0 0
3 1 5 0 0 0 0 0
6 1 4 0 0 0 0 0
3 1 5 0 0 0 0 0
2 3 4 0 0 0 0 0
2 2 2 0 0 1 1 4
6 5 6 1 1 1 1 5
4 4
0 0 0 4
6 4 3 5
0 2 6 4
0 6 1 5
6 1
3 1 1 1 1 1
8 7
0 0 0 3 4 0 0 0
4 3 4 2 2 6 1 4
6 5 6 5 6 4 3 5
0 0 0 0 3 5 6 4
0 0 0 0 6 1 4 2
0 0 0 0 0 0 2 2
0 0 0 0 0 0 6 5
1 3
4
2
2
8 6
0 6 1 4 0 0 0 0
0 3 1 5 0 0 0 0
0 6 1 1 1 4 3 4
3 1 1 1 4 6 5 2
6 0 0 0 2 3 4 2
0 0 0 0 6 5 6 5
7 1
6 1 1 1 1 1 4
2 1
6 1
8 4
3 1 1 4 3 4 3 1
2 3 4 6 5 6 5 0
2 2 2 0 0 0 0 0
6 5 6 5 0 0 0 0
3 3
3 0 0
6 1 4
0 1 5
11 5
0 0 0 0 0 0 0 0 0 3 4
3 0 0 0 0 0 0 0 0 2 2
6 1 1 1 4 3 1 1 1 5 2
0 0 0 0 2 2 0 0 0 0 5
0 0 0 0 6 5 0 0 0 0 0
9 7
0 0 3 1 1 1 1 1 0
0 0 6 1 1 1 1 1 4
3 1 1 1 1 1 1 1 5
6 1 4 0 0 0 0 0 0
3 1 5 0 0 0 0 0 0
6 1 4 0 0 0 0 0 0
3 1 5 0 0 0 0 0 0
3 2
0 0 4
3 1 5
8 5
3 1 0 0 0 0 0 0
6 1 1 1 1 1 1 4
3 1 1 1 1 4 3 5
6 1 1 1 4 2 6 4
0 0 0 0 0 6 1 5
1 2
3
6
7 11
0 0 3 4 3 4 3
0 0 2 6 5 6 5
0 0 2 0 0 0 0
0 0 2 0 0 0 0
0 0 2 0 0 0 0
0 0 2 0 0 0 0
0 2 2 0 0 0 0
3 5 2 0 0 0 0
6 4 2 0 0 0 0
0 2 2 0 0 0 0
0 6 5 0 0 0 0
7 5
3 4 3 4 0 0 0
2 2 2 2 0 0 0
2 2 2 2 0 0 0
2 2 2 2 0 0 0
0 6 5 6 1 1 5
7 6
3 4 3 0 0 0 0
2 2 2 0 0 0 0
2 6 5 0 0 0 0
6 1 1 1 1 1 4
3 1 1 1 1 1 5
6 0 0 0 0 0 0
6 4
0 3 1 1 1 0
0 6 1 4 3 4
3 1 1 5 2 2
6 1 1 1 5 6
8 7
0 0 3 1 1 1 1 4
0 0 6 1 1 4 3 5
0 0 3 1 1 5 0 0
0 0 6 4 0 0 0 0
3 4 3 5 0 0 0 0
2 2 2 0 0 0 0 0
2 6 5 0 0 0 0 0
7 4
3 1 1 0 0 0 0
6 1 4 3 1 1 1
0 0 2 2 0 0 0
0 0 6 5 0 0 0
5 7
3 4 0 0 0
2 2 0 0 0
2 2 0 0 0
2 2 2 0 0
2 2 2 0 0
0 2 6 1 4
0 6 1 1 5
2 1
6 1
7 6
0 0 0 0 0 1 4
0 0 0 0 3 4 2
0 0 3 4 2 2 2
3 1 5 2 2 2 2
0 0 0 2 2 2 2
0 0 0 6 5 6 5
6 7
3 4 3 4 3 4
5 2 2 2 2 2
0 2 2 2 2 2
0 6 5 2 2 2
0 0 0 6 5 2
0 0 0 0 0 2
0 0 0 0 0 6
6 9
0 0 0 0 4 0
0 0 0 0 2 2
3 4 3 4 2 2
2 6 5 6 5 2
2 3 1 1 4 2
2 6 4 3 5 2
2 3 5 6 1 5
2 2 0 0 0 0
6 5 0 0 0 0
2 2
3 4
2 2
