42 42 35
4 5
3 1 1 4
6 1 4 2
0 0 2 6
0 0 2 0
0 0 2 0
2 2
1 4
0 5
20 10
0 0 0 0 0 0 3 4 0 0 0 0 0 0 0 0 0 0 0 0
0 0 0 0 0 0 2 2 0 0 0 0 3 4 0 0 0 0 0 0
0 0 0 0 3 4 2 2 3 4 3 1 5 2 0 0 3 1 1 4
0 0 0 0 2 2 2 2 2 2 6 1 4 2 3 4 6 1 4 2
0 3 1 1 5 6 5 6 5 6 1 1 5 6 5 6 1 1 5 0
0 6 4 3 1 1 0 0 0 0 0 0 0 0 0 0 0 0 0 0
3 1 5 2 0 0 0 0 0 0 0 0 0 0 0 0 0 0 0 0
2 3 4 2 0 0 0 0 0 0 0 0 0 0 0 0 0 0 0 0
6 5 2 2 0 0 0 0 0 0 0 0 0 0 0 0 0 0 0 0
0 0 6 5 0 0 0 0 0 0 0 0 0 0 0 0 0 0 0 0
12 9
0 0 0 0 0 0 3 4 3 1 1 4
3 1 1 1 1 0 2 2 2 3 1 5
6 1 1 4 3 1 5 6 5 6 1 4
3 1 1 5 2 3 1 1 1 1 1 5
6 1 1 4 2 2 3 1 1 1 1 4
0 0 3 5 2 6 5 3 1 1 1 5
0 0 6 1 5 0 0 6 1 1 1 4
0 0 0 0 0 0 0 3 1 1 1 5
0 0 0 0 0 0 0 6 1 0 0 0
3 3
0 0 4
3 1 5
2 0 0
1 1
3
15 12
0 0 0 0 2 0 0 0 0 0 0 0 0 0 0
3 1 1 4 2 0 0 0 0 0 0 0 0 0 0
6 1 4 6 5 0 0 0 0 0 0 0 0 0 0
3 1 5 3 4 0 0 0 0 0 0 0 0 0 0
6 1 1 5 2 0 0 0 0 0 0 0 0 0 0
3 4 3 1 5 0 0 0 0 0 0 0 0 0 0
2 6 5 3 4 3 4 3 4 3 4 0 0 0 0
2 3 4 2 2 2 2 2 2 2 2 0 0 0 0
6 5 6 5 6 5 6 5 6 5 6 1 1 1 4
0 0 0 0 3 4 3 4 3 1 1 1 1 1 5
0 0 0 0 2 2 2 6 5 0 0 0 0 0 0
0 0 0 6 5 6 5 0 0 0 0 0 0 0 0
12 11
0 3 1 1 4 0 0 0 0 0 0 0
0 2 3 1 5 3 4 0 0 0 0 0
0 2 2 3 4 2 2 0 0 0 0 0
0 2 2 2 2 2 2 0 0 0 0 0
6 5 2 2 2 2 6 1 4 0 0 0
0 0 2 2 2 2 3 4 2 0 0 0
0 0 2 2 2 2 2 2 2 3 4 0
0 0 2 2 2 6 5 2 2 2 2 0
0 0 2 2 6 4 3 5 2 2 2 0
0 0 2 2 3 5 6 4 2 2 2 0
0 0 6 5 6 1 1 5 6 5 6 5
10 8
3 4 0 0 0 0 0 0 0 0
2 0 0 0 0 0 0 0 0 0
2 0 0 0 0 3 4 0 0 0
6 1 1 1 4 2 2 0 0 0
3 1 1 1 5 2 2 3 4 2
6 1 4 3 1 5 6 5 6 5
3 1 5 2 0 0 0 0 0 0
6 1 1 5 0 0 0 0 0 0
13 7
3 4 3 4 0 0 0 0 0 0 0 0 0
2 2 2 2 0 0 0 0 0 0 0 0 0
2 6 5 6 1 4 0 0 0 0 0 0 0
6 1 0 0 0 2 0 0 0 0 0 0 0
0 0 0 0 0 6 1 1 1 4 0 0 0
0 0 0 0 0 0 0 0 0 2 6 1 4
0 0 0 0 0 0 0 0 0 6 1 1 5
12 8
3 1 1 1 1 4 3 4 3 4 0 0
6 1 1 1 4 6 5 6 5 2 0 0
0 4 3 1 5 3 4 3 4 6 1 4
0 2 6 1 1 5 6 5 6 1 4 2
0 2 3 4 3 1 1 4 3 1 5 0
0 6 5 2 6 1 4 2 2 0 0 0
0 0 0 6 1 4 2 2 2 0 0 0
0 0 0 0 0 6 5 6 5 0 0 0
20 7
0 0 0 0 0 0 0 3 1 4 0 0 0 0 0 0 0 0 0 0
0 3 4 3 4 0 0 2 3 5 0 0 0 3 4 0 0 0 0 0
0 2 6 5 6 1 4 2 2 3 4 3 1 5 2 0 0 0 0 0
0 6 1 1 1 4 2 2 2 2 2 6 1 4 2 0 0 1 1 4
3 1 1 1 1 5 6 5 6 5 2 3 4 2 2 3 4 3 1 5
6 4 3 1 1 1 1 4 3 4 2 2 2 2 2 2 2 2 0 0
0 6 5 0 0 0 0 6 5 2 6 5 6 5 6 5 6 5 0 0
14 16
0 0 0 0 0 0 0 0 0 0 3 4 0 0
0 0 0 0 0 3 1 1 1 4 2 6 1 4
0 0 0 0 0 6 4 3 1 5 2 3 1 5
0 0 0 0 3 4 2 2 3 1 5 6 4 0
0 0 0 0 2 2 2 2 2 0 0 1 5 0
0 0 0 0 2 2 2 6 5 0 0 0 0 0
0 0 0 0 2 2 2 0 0 0 0 0 0 0
0 0 3 4 2 6 5 0 0 0 0 0 0 0
0 0 2 2 6 1 4 0 0 0 0 0 0 0
3 4 2 2 3 1 5 0 0 0 0 0 0 0
2 2 2 2 6 1 4 0 0 0 0 0 0 0
0 2 2 2 3 1 5 0 0 0 0 0 0 0
0 2 2 2 6 1 4 0 0 0 0 0 0 0
0 6 5 2 3 4 2 0 0 0 0 0 0 0
0 0 0 2 2 2 2 0 0 0 0 0 0 0
0 0 0 6 5 6 5 0 0 0 0 0 0 0
5 1
1 1 1 1 1
8 5
0 0 3 4 0 0 0 0
0 0 2 2 3 4 0 0
1 1 5 6 5 6 1 4
0 0 0 3 1 1 1 5
0 0 0 6 1 1 0 0
13 9
0 0 0 0 0 0 0 0 0 3 1 1 4
0 0 0 0 0 0 0 0 0 0 3 1 5
0 0 0 0 0 0 0 0 0 0 6 1 4
0 0 0 0 3 1 1 4 3 4 3 1 5
0 0 0 0 6 1 4 2 2 2 2 0 0
3 1 1 4 3 4 2 2 2 2 2 0 0
6 1 4 6 5 6 5 2 2 6 5 0 0
3 1 5 3 4 3 0 2 2 0 0 0 0
6 1 1 5 6 5 0 6 5 0 0 0 0
22 8
0 0 0 0 0 0 0 0 0 0 0 0 0 3 1 4 0 0 0 0 0 0
0 0 0 0 0 0 0 0 0 0 0 0 0 2 3 5 0 0 0 0 0 0
0 0 0 0 0 3 1 1 4 3 4 3 4 2 2 3 4 3 4 0 0 0
0 0 0 3 4 2 3 1 5 2 2 2 2 2 2 2 2 2 2 3 4 0
6 1 1 5 6 5 6 1 1 5 6 5 6 5 6 5 6 5 6 5 6 4
0 0 0 0 0 0 3 1 1 4 3 1 1 1 1 1 1 4 3 4 3 5
0 0 0 0 0 0 6 1 4 6 5 0 0 0 0 0 0 2 2 2 2 0
0 0 0 0 0 0 3 1 5 0 0 0 0 0 0 0 0 6 5 6 5 0
20 11
3 4 3 1 1 4 0 0 0 0 0 0 0 0 0 0 0 0 0 0
2 2 6 1 4 2 0 0 0 0 0 0 0 0 0 0 0 0 0 0
2 6 1 1 5 2 0 0 0 0 0 0 0 0 0 0 0 0 0 0
6 1 1 4 3 5 0 0 0 0 0 0 0 0 0 0 0 0 0 0
3 1 1 5 6 4 3 1 1 1 1 4 3 1 1 1 1 1 1 1
6 1 1 1 4 2 6 1 1 4 3 5 6 1 1 4 0 0 0 0
3 1 1 1 5 2 3 1 1 5 6 1 1 1 1 5 0 0 0 0
6 1 1 1 4 2 6 1 4 0 0 0 0 0 0 0 0 0 0 0
0 1 1 1 5 2 3 1 5 0 0 0 0 0 0 0 0 0 0 0
0 0 0 0 0 2 6 4 0 0 0 0 0 0 0 0 0 0 0 0
0 0 0 0 0 6 1 5 0 0 0 0 0 0 0 0 0 0 0 0
6 17
3 4 3 1 1 4
2 2 2 3 1 5
2 2 2 6 1 4
2 2 2 0 1 5
2 6 5 0 0 0
6 1 4 0 0 0
0 0 2 0 0 0
0 0 6 4 0 0
0 0 3 5 0 0
0 2 6 1 4 0
0 2 3 4 2 0
0 2 2 2 2 0
0 2 2 6 5 0
0 2 6 1 4 0
0 2 3 1 5 0
0 2 6 1 1 4
0 6 1 1 1 5
1 1
1
7 13
0 0 0 3 4 0 0
0 0 0 2 2 0 0
0 0 0 2 2 0 0
0 0 0 2 2 0 0
0 3 4 2 2 0 0
0 2 2 2 2 0 0
0 2 2 2 2 0 0
0 2 2 2 2 0 0
2 2 2 2 6 4 0
2 2 2 2 3 5 0
6 5 2 2 2 3 4
3 1 5 2 2 2 2
6 1 1 5 6 5 6
9 2
1 1 1 1 1 1 1 1 4
0 0 0 0 0 0 1 1 5
11 10
3 1 0 0 0 0 0 0 0 0 0
6 1 1 1 4 0 0 0 0 0 0
3 4 3 1 5 0 0 0 0 0 0
2 2 6 1 1 1 1 1 1 1 4
2 6 1 1 1 1 1 1 1 1 5
6 1 1 4 3 0 0 0 0 0 0
3 1 1 5 6 4 0 0 0 0 0
2 3 4 3 4 2 0 0 0 0 0
2 2 2 2 2 2 0 0 0 0 0
6 5 6 5 6 5 0 0 0 0 0
8 21
3 1 1 4 0 0 0 0
6 1 4 2 0 0 0 0
0 0 2 2 0 0 0 0
0 0 2 2 0 0 0 0
0 0 2 2 0 0 0 0
0 0 2 2 0 0 0 0
0 0 2 6 1 4 0 0
0 0 6 1 4 2 0 0
0 0 3 1 5 2 0 0
0 0 2 3 1 5 0 0
0 0 5 6 1 4 0 0
0 0 3 1 1 5 0 0
0 0 6 1 1 4 0 0
0 3 1 1 1 5 0 0
0 2 3 4 3 4 3 4
0 2 2 2 2 2 2 2
0 6 5 2 2 2 2 0
0 0 3 5 2 2 2 0
0 0 6 4 2 6 5 0
0 3 1 5 2 0 0 0
0 6 1 1 5 0 0 0
14 7
0 3 1 1 1 4 3 4 0 0 0 0 0 0
0 6 1 1 4 2 2 2 0 0 0 0 0 0
3 1 1 1 5 6 5 6 1 1 1 1 0 0
6 1 4 3 4 3 1 1 1 1 1 1 4 0
0 0 6 5 6 5 3 1 1 1 1 1 5 2
0 0 0 0 0 0 6 1 1 1 4 3 4 2
0 0 0 0 0 0 0 0 0 0 6 5 6 5
12 9
0 0 3 1 1 1 1 1 1 1 1 0
0 0 6 1 1 1 1 1 1 1 1 4
3 1 4 3 1 1 1 1 1 1 1 5
0 0 2 6 1 1 1 1 1 1 1 4
0 0 2 3 1 1 1 1 1 1 1 5
0 0 2 6 1 1 1 1 1 1 1 4
0 0 2 3 4 3 4 3 1 1 4 2
0 0 2 2 2 2 2 6 1 4 2 2
0 0 6 5 6 5 6 1 1 5 6 5
10 3
0 0 0 0 3 4 3 1 1 4
0 0 0 0 2 6 5 0 0 0
1 1 1 1 5 0 0 0 0 0
12 12
0 0 0 0 0 0 0 3 4 0 0 0
0 0 0 0 0 0 0 2 2 3 4 0
0 0 0 0 0 0 0 0 6 5 6 4
0 0 0 0 0 0 0 0 3 1 1 5
0 0 0 0 0 0 0 0 6 1 4 0
0 0 0 0 3 4 3 4 3 1 5 0
0 0 0 0 2 6 5 2 6 1 4 0
0 0 3 1 5 3 4 6 1 1 5 0
0 0 6 1 1 5 6 1 4 0 0 0
1 1 1 4 3 1 1 1 5 0 0 0
0 0 0 2 6 1 1 1 4 0 0 0
0 0 0 6 1 1 1 1 5 0 0 0
12 10
0 0 0 0 0 0 0 4 0 0 0 0
0 0 0 0 0 3 1 5 0 0 0 0
0 0 0 0 0 2 3 4 3 1 1 4
0 0 0 3 4 2 2 6 5 3 1 5
0 0 0 2 2 6 5 3 4 6 1 4
0 3 4 2 6 4 3 5 6 1 1 5
0 2 2 2 3 5 6 1 1 1 1 4
0 2 2 2 2 3 4 3 4 3 1 5
0 2 2 2 2 2 2 2 2 6 1 4
6 5 6 5 6 5 6 5 6 1 1 5
6 5
1 4 0 0 0 0
3 5 0 0 0 4
2 3 4 3 4 2
2 2 2 2 2 2
6 5 6 5 6 5
15 7
0 0 0 0 0 0 3 1 1 1 1 1 4 0 0
0 0 0 0 0 0 6 4 3 1 1 1 5 0 0
0 0 0 0 0 3 4 2 6 1 4 3 1 1 4
0 0 0 0 0 2 2 2 3 1 5 2 0 0 5
0 0 4 3 1 5 6 5 6 1 1 5 0 0 0
3 1 5 2 0 0 0 0 0 0 0 0 0 0 0
6 1 1 5 0 0 0 0 0 0 0 0 0 0 0
10 5
0 0 3 4 3 1 1 1 1 4
3 0 2 2 6 4 0 0 0 0
6 1 5 2 3 5 0 0 0 0
0 0 0 2 2 0 0 0 0 0
0 0 0 6 5 0 0 0 0 0
9 4
3 0 0 0 0 0 0 0 0
6 1 1 1 1 1 1 1 4
0 0 0 0 3 1 1 1 5
0 0 0 0 6 0 0 0 0
12 10
0 0 0 0 0 0 0 0 0 0 3 4
0 0 0 0 0 0 0 0 0 0 2 2
0 0 0 0 0 0 0 0 1 1 5 2
0 0 0 0 0 3 1 1 1 1 1 5
0 0 0 0 0 6 1 4 3 4 3 4
0 0 0 0 3 1 1 5 2 6 5 2
0 0 0 0 6 1 1 1 5 3 4 2
3 1 1 1 1 1 1 1 1 5 6 5
6 1 1 1 1 1 1 1 1 1 1 4
0 0 0 0 0 0 0 0 0 0 0 5
7 10
3 1 1 4 0 0 0
6 4 0 5 0 0 0
3 5 0 0 0 0 0
6 1 4 3 4 0 0
0 0 2 2 2 0 0
0 0 6 5 6 4 0
0 0 0 0 3 5 0
0 0 0 0 6 4 0
0 0 0 0 3 5 0
0 0 0 0 6 1 1
