32 32 31
11 10
0 0 0 0 0 3 4 0 0 0 0
0 0 0 0 0 2 2 0 0 0 0
0 1 1 1 1 5 6 1 1 1 4
3 1 1 1 1 1 1 1 1 1 5
6 1 1 1 1 1 4 3 1 1 4
0 0 0 0 0 4 6 5 3 1 5
0 0 0 0 0 2 3 4 6 1 4
0 0 0 0 0 2 2 2 3 1 5
0 0 0 0 0 2 2 2 6 1 4
0 0 0 0 0 6 5 6 1 1 5
13 8
0 0 0 0 0 0 0 0 0 0 0 3 4
3 1 1 4 0 0 0 0 0 0 0 2 2
6 1 4 2 0 0 0 3 1 1 1 5 2
0 0 2 6 1 1 0 6 4 3 1 4 2
0 0 6 1 4 3 1 1 5 6 4 2 2
0 0 0 0 6 5 3 1 1 1 5 6 5
0 0 0 0 0 0 6 1 1 1 4 0 0
0 0 0 0 0 0 0 0 0 0 6 5 0
8 8
3 4 0 0 0 0 0 0
2 0 0 0 0 0 0 0
2 0 0 0 0 0 0 0
2 0 0 3 4 0 0 0
2 3 4 2 2 0 0 0
6 5 6 5 2 0 0 0
3 1 1 1 5 0 0 0
6 1 1 1 1 1 1 1
5 7
3 4 0 0 0
2 2 0 0 0
2 2 0 0 0
2 2 0 0 3
0 2 3 4 2
0 2 2 2 2
0 6 5 6 5
4 2
0 0 0 4
1 1 1 5
4 6
3 1 0 0
6 4 0 0
3 5 0 0
6 1 4 0
0 0 2 2
0 0 6 5
8 10
3 4 3 4 3 4 0 0
2 6 5 2 2 2 0 0
2 3 4 2 2 2 3 5
6 5 2 2 2 2 2 0
3 1 5 2 2 6 5 0
6 1 4 2 2 0 0 0
3 1 5 6 5 0 0 0
6 1 1 1 1 1 4 0
0 0 0 0 0 0 2 0
0 0 0 0 0 0 2 0
8 13
0 0 0 4 0 0 0 0
0 0 3 5 0 0 0 0
0 0 6 1 4 0 0 0
3 1 1 4 2 0 0 0
6 1 4 2 2 0 0 0
3 1 5 6 5 0 0 0
6 1 4 3 4 0 0 0
3 1 5 2 2 0 0 0
6 1 1 5 6 1 4 0
3 4 3 1 1 1 5 0
2 2 6 1 1 1 1 4
2 6 1 1 1 1 1 5
6 0 0 0 0 0 0 0
7 17
3 4 0 0 0 0 0
2 2 0 0 0 0 0
5 2 0 0 0 0 0
3 5 0 0 0 0 0
6 4 0 0 0 0 0
0 2 0 0 0 0 0
0 2 0 0 0 0 0
0 2 0 0 0 0 0
0 2 0 0 0 3 4
0 2 0 0 0 0 2
0 2 3 1 1 4 2
0 2 6 1 4 2 2
0 2 3 1 5 2 2
0 2 6 1 4 2 2
0 6 1 4 2 6 5
0 0 0 2 2 0 0
0 0 0 6 5 0 0
1 1
1
6 12
0 3 4 0 0 0
2 2 2 0 0 0
6 5 2 3 5 0
0 3 5 2 0 0
0 6 4 2 0 0
0 3 5 6 4 0
0 6 4 3 5 0
0 3 5 6 1 4
0 6 4 3 4 2
3 1 5 2 2 2
6 1 4 2 6 5
0 0 6 5 0 0
7 3
0 0 0 1 1 1 4
3 1 1 1 1 1 5
6 1 1 0 0 0 0
10 11
0 3 4 0 0 0 0 0 0 0
0 2 2 0 0 0 0 0 0 0
6 5 2 3 4 0 0 0 0 0
0 0 2 2 2 0 0 0 0 0
0 0 6 5 2 0 0 0 0 0
0 0 0 0 2 0 0 0 0 0
0 0 0 0 2 0 0 0 0 0
0 0 0 0 2 0 0 0 3 4
0 0 0 0 6 4 0 0 2 2
0 0 0 0 3 5 0 1 5 2
0 0 0 0 6 1 1 1 1 5
4 1
1 1 1 1
7 4
3 1 1 1 1 4 0
6 1 1 1 4 2 0
3 1 1 1 5 6 5
6 0 0 0 0 0 0
10 4
3 4 3 1 1 1 1 1 1 4
2 2 2 3 1 1 1 1 1 5
2 6 5 6 1 1 1 1 1 0
6 0 0 0 0 0 0 0 0 0
9 12
0 0 3 1 1 1 1 4 0
0 0 6 1 4 3 1 5 0
0 0 3 4 2 6 1 4 0
0 0 2 2 2 3 1 5 0
0 0 2 6 5 2 3 4 0
0 0 6 1 4 2 2 2 0
0 0 3 1 5 2 2 2 0
0 0 6 1 4 2 2 2 0
0 0 3 4 2 6 5 6 5
0 0 2 2 2 0 0 0 0
6 4 2 2 2 0 0 0 0
0 6 5 6 5 0 0 0 0
10 6
0 3 4 0 0 0 0 0 0 0
0 2 2 3 1 1 4 0 0 0
0 2 2 6 1 4 2 3 4 0
2 2 2 3 4 2 6 5 2 0
2 2 2 2 2 6 1 4 2 0
6 5 6 5 6 1 1 5 6 5
1 3
4
2
2
11 7
0 0 0 0 3 1 1 1 0 0 0
0 0 0 0 6 1 4 3 1 1 4
0 0 3 1 1 1 5 2 3 1 5
0 0 2 3 4 3 1 5 0 0 0
3 1 5 2 6 5 0 0 0 0 0
2 3 1 5 0 0 0 0 0 0 0
6 5 0 0 0 0 0 0 0 0 0
2 2
0 3
1 5
8 4
0 0 0 0 1 1 1 4
3 1 1 1 1 1 1 5
6 1 1 1 1 1 4 0
0 0 0 0 1 1 5 0
13 8
0 0 0 0 0 0 0 3 1 1 1 1 4
0 0 0 0 0 0 2 2 3 1 1 1 5
0 0 0 0 0 0 6 5 6 1 1 4 0
3 4 3 4 3 4 3 1 1 4 3 5 0
2 6 5 2 2 2 6 1 4 2 6 4 0
2 3 0 6 5 2 3 1 5 6 1 5 0
6 5 0 0 0 2 2 0 0 0 0 0 0
0 0 0 0 0 6 5 0 0 0 0 0 0
10 6
0 0 0 0 0 0 0 6 1 4
0 0 0 0 0 3 1 1 1 5
0 0 0 3 4 6 1 1 1 4
0 3 4 2 2 3 1 1 4 2
4 2 2 2 2 6 1 4 2 2
6 5 6 5 6 1 1 5 6 5
8 2
3 1 1 1 1 1 1 1
6 1 1 0 0 0 0 0
6 13
0 0 0 3 4 0
0 0 0 2 2 0
0 0 0 2 2 0
0 0 0 2 2 0
0 0 0 2 2 0
0 0 0 2 2 2
0 3 4 2 2 2
0 2 2 2 2 2
6 5 2 2 6 5
0 0 2 2 0 0
0 0 2 2 0 0
0 0 2 2 0 0
0 0 6 5 0 0
11 7
0 0 0 0 0 0 0 0 0 0 4
3 4 3 4 0 0 3 1 1 1 5
2 2 2 2 0 0 2 3 1 1 4
2 2 2 6 1 1 5 2 0 1 5
2 6 5 3 4 3 1 5 0 0 0
2 3 4 2 2 2 0 0 0 0 0
6 5 6 5 6 5 0 0 0 0 0
5 15
3 4 0 0 0
2 2 0 0 0
2 2 0 0 0
2 2 0 0 0
2 2 0 0 0
2 2 0 0 0
2 2 0 0 0
2 2 0 0 0
2 6 1 0 0
6 1 1 1 4
0 3 1 4 2
0 6 4 2 2
0 4 2 6 5
0 2 6 1 4
0 6 1 1 5
3 1
3 1 1
11 4
2 3 1 1 1 1 4 3 4 3 4
6 5 0 0 1 4 6 5 6 5 2
0 0 0 0 0 2 3 4 3 4 2
0 0 0 0 0 6 5 6 5 6 5
7 13
0 0 3 1 4 0 0
0 0 2 3 5 0 0
0 3 5 6 1 4 0
0 6 4 0 0 5 0
0 3 5 0 0 0 0
0 6 4 0 0 0 0
3 4 2 0 0 0 0
2 2 6 1 4 0 0
2 2 3 4 2 0 0
2 2 2 2 6 1 4
2 2 2 6 1 1 5
2 2 6 1 1 1 4
0 6 1 1 1 1 5
