30 60 48
9 7
3 1 1 1 1 4 3 4 0
6 1 1 4 3 5 2 2 0
0 0 3 5 6 4 2 6 5
0 0 6 0 0 2 6 4 0
0 0 0 0 0 2 3 5 0
0 0 0 0 0 2 2 0 0
0 0 0 0 0 6 5 0 0
11 11
0 0 0 0 3 1 1 1 0 0 0
0 0 3 4 6 1 1 1 1 1 4
3 1 5 6 1 1 1 1 1 1 5
6 1 1 1 1 1 1 1 1 1 4
0 0 0 0 3 1 1 1 1 1 5
0 0 0 0 6 1 1 1 4 3 4
0 0 0 0 3 1 1 1 5 2 2
0 0 0 0 2 3 1 1 1 5 2
0 0 0 0 6 5 3 1 1 1 5
0 0 0 0 0 0 6 1 1 1 4
0 0 0 0 0 0 0 1 1 1 5
10 5
3 1 1 4 0 0 0 0 0 0
6 4 3 5 0 0 0 0 0 0
3 5 6 4 3 4 0 0 0 0
6 1 4 6 5 2 6 1 1 4
0 0 0 0 0 6 1 1 1 5
10 11
3 4 3 4 3 1 1 1 1 4
2 2 2 2 6 1 4 3 1 5
2 6 5 2 3 1 5 2 3 4
6 4 3 5 6 1 4 2 2 0
3 5 6 4 3 1 5 6 5 0
6 1 4 2 6 4 0 0 0 0
0 0 2 2 3 5 0 0 0 0
0 0 2 2 2 0 0 0 0 0
0 0 2 6 5 0 0 0 0 0
0 0 2 0 0 0 0 0 0 0
0 0 2 0 0 0 0 0 0 0
12 7
0 3 1 1 4 0 0 0 0 0 0 0
0 2 3 1 5 0 0 0 0 0 0 0
6 5 6 1 4 3 4 0 0 0 0 0
3 1 1 1 5 2 2 0 0 0 0 0
6 1 1 1 1 5 2 0 0 0 0 3
3 1 1 1 1 1 5 3 4 0 0 2
6 1 1 1 1 1 1 5 6 1 1 5
5 7
0 0 0 3 4
0 0 0 2 0
0 0 0 2 0
0 0 0 2 0
0 3 4 2 0
0 2 2 2 0
6 5 6 5 0
7 11
0 0 0 3 4 3 1
0 0 0 2 2 2 0
3 1 4 2 6 5 0
6 4 2 2 0 0 0
0 2 2 2 0 0 0
2 2 2 2 0 0 0
2 2 2 2 0 0 0
2 2 2 6 1 4 0
2 2 2 3 4 2 0
2 2 2 2 2 2 0
6 5 6 5 6 5 0
2 8
3 4
2 2
2 2
2 2
2 2
2 0
2 0
6 1
7 10
0 3 4 3 4 0 0
2 2 2 2 2 3 4
2 2 2 2 6 5 2
2 2 2 2 3 1 5
2 2 6 5 2 0 0
2 2 3 1 5 0 0
6 5 6 4 0 0 0
3 1 1 5 0 0 0
2 0 0 0 0 0 0
2 0 0 0 0 0 0
16 7
0 0 0 3 1 1 1 1 4 0 0 0 0 0 0 0
0 0 0 6 1 1 1 4 2 0 0 0 0 0 0 0
3 1 1 1 1 1 1 5 2 0 0 0 0 0 0 0
6 1 1 1 1 1 1 4 2 0 0 0 0 0 0 0
0 0 0 0 0 3 1 5 6 1 4 0 0 0 0 0
0 0 0 0 0 6 1 1 1 4 2 0 0 0 0 0
0 0 0 0 0 1 1 1 1 5 6 1 1 1 1 5
6 9
0 0 0 3 4 0
0 0 0 2 2 0
0 0 0 2 6 5
0 0 0 6 4 0
0 0 0 3 5 0
3 0 0 6 4 0
2 3 4 3 5 0
2 2 2 2 0 0
6 5 6 5 0 0
1 1
6
12 10
0 0 0 0 3 1 1 4 0 0 0 0
0 0 0 0 2 3 1 5 0 0 0 0
0 0 0 0 2 2 3 4 3 1 1 4
0 0 0 0 2 2 2 2 2 3 1 5
3 1 1 1 5 6 5 2 2 2 3 4
2 3 1 1 1 1 1 5 2 6 5 2
5 6 1 4 3 1 1 1 5 3 4 2
0 0 0 6 5 3 1 1 4 2 6 5
0 0 0 0 0 0 0 0 2 6 1 4
0 0 0 0 0 0 0 0 6 1 1 5
7 10
6 1 1 1 4 0 0
3 1 1 1 5 0 0
6 1 1 1 1 1 4
3 1 1 4 3 4 2
6 1 4 2 2 2 2
3 1 5 6 5 6 5
2 3 1 1 1 1 4
2 2 3 1 1 1 5
6 5 6 1 1 4 0
0 0 0 1 1 5 0
3 13
3 1 0
2 3 4
2 2 2
6 5 2
0 3 5
0 6 4
0 0 2
0 0 2
0 0 2
0 0 2
0 2 2
0 2 2
0 6 5
3 11
0 3 4
0 2 2
0 2 2
0 2 2
0 2 2
0 2 0
0 2 0
0 2 0
0 2 0
0 2 0
6 5 0
13 9
0 0 0 3 1 1 4 3 1 1 4 3 4
0 0 0 6 4 3 5 6 1 4 6 5 2
0 0 0 3 5 6 4 3 1 5 3 4 2
0 0 0 6 4 3 5 2 0 0 2 2 2
0 0 0 3 5 6 1 5 0 0 2 2 2
0 0 0 6 1 4 0 0 0 0 0 6 5
6 1 4 3 1 5 0 0 0 0 0 0 0
0 3 5 2 0 0 0 0 0 0 0 0 0
0 6 1 5 0 0 0 0 0 0 0 0 0
16 13
1 1 4 3 4 0 0 0 0 0 0 0 0 0 0 0
0 3 5 2 2 0 0 0 0 0 0 0 0 0 0 0
0 6 4 2 6 1 4 0 0 0 0 0 0 0 0 0
0 0 2 6 4 3 5 0 0 0 0 0 0 0 3 4
0 0 6 1 5 6 4 0 0 0 0 0 0 0 2 2
0 0 0 0 0 0 2 0 0 0 0 6 1 1 5 2
0 0 0 0 0 0 2 3 4 3 1 1 4 3 1 5
0 0 0 0 0 0 6 5 2 6 1 4 2 6 4 0
0 0 0 0 0 0 0 0 6 1 4 2 2 3 5 0
0 0 0 0 0 0 0 0 0 3 5 2 2 2 0 0
0 0 0 0 0 0 0 0 0 6 4 2 6 5 0 0
0 0 0 0 0 0 0 0 0 0 2 2 0 0 0 0
0 0 0 0 0 0 0 0 0 0 6 5 0 0 0 0
9 9
0 0 0 0 0 3 4 3 4
0 0 3 4 2 2 6 5 2
0 0 2 2 6 5 3 4 2
3 1 5 6 1 1 5 6 5
6 1 4 3 4 0 0 0 0
0 0 2 2 2 2 0 0 0
0 0 2 2 6 5 0 0 0
0 0 2 2 0 0 0 0 0
0 0 6 5 0 0 0 0 0
1 1
1
8 13
0 0 0 3 4 0 0 0
0 0 0 2 2 0 0 0
0 0 4 2 2 0 0 0
3 1 5 2 2 0 0 0
6 1 4 2 2 0 0 0
0 0 2 2 2 0 0 0
0 0 6 5 2 3 4 0
0 0 0 0 2 2 2 0
0 0 0 0 6 5 2 0
0 0 0 0 0 0 2 0
0 0 0 0 0 0 2 0
0 0 0 0 0 0 2 2
0 0 0 0 0 0 6 5
5 8
0 3 1 1 4
0 2 3 1 5
0 2 6 1 4
0 2 3 1 5
2 2 6 1 4
2 2 3 1 5
6 5 2 0 0
0 0 5 0 0
3 4
3 1 5
6 1 4
0 0 2
0 0 2
6 13
0 0 1 4 0 0
0 3 4 2 0 0
0 2 2 2 0 0
0 2 6 5 0 0
2 6 1 4 0 0
2 3 4 2 0 0
2 2 2 2 0 0
6 5 2 2 0 0
3 1 5 2 0 0
6 1 4 2 0 0
0 3 5 6 1 4
0 6 4 3 1 5
0 0 6 5 0 0
18 11
3 1 1 1 1 4 3 4 3 4 0 0 0 0 0 0 0 0
6 1 1 1 4 2 2 2 2 2 0 0 0 0 0 0 0 0
0 0 0 0 5 2 2 2 2 2 0 0 0 0 0 0 0 0
0 0 0 0 0 6 5 2 2 2 0 0 0 0 0 0 0 0
0 0 0 0 0 0 0 2 2 2 0 0 0 0 0 0 0 0
0 0 0 0 0 0 0 2 2 2 0 0 0 0 0 3 4 0
0 0 0 0 0 0 0 2 2 2 0 0 0 3 4 2 2 0
0 0 0 0 0 0 0 2 2 2 0 0 1 5 6 5 6 4
0 0 0 0 0 0 0 6 5 6 1 1 1 4 3 4 3 5
0 0 0 0 0 0 0 0 0 0 0 3 1 5 2 6 5 0
0 0 0 0 0 0 0 0 0 0 0 6 1 1 5 0 0 0
2 2
0 4
1 5
6 6
0 0 3 0 0 0
0 0 6 1 4 0
3 4 3 1 5 0
2 2 6 1 1 4
0 6 1 4 3 5
0 0 0 6 5 0
11 6
0 0 0 0 0 0 0 3 4 0 0
0 0 0 1 1 1 1 5 6 1 4
3 1 1 1 1 4 3 1 1 1 5
6 1 1 4 3 5 6 1 1 1 4
0 0 0 0 6 1 1 4 3 4 2
0 0 0 0 0 0 0 6 5 6 5
10 12
0 0 0 0 3 4 3 1 1 4
0 0 0 0 2 2 6 1 4 2
0 0 0 0 2 6 1 4 2 2
0 0 0 0 6 1 4 2 2 6
0 0 3 4 3 4 2 6 5 0
0 0 2 2 2 2 2 0 0 0
3 4 2 2 2 2 2 0 0 0
0 2 2 2 2 2 2 0 0 0
0 2 2 6 5 6 5 0 0 0
0 2 6 4 0 0 0 0 0 0
0 2 3 5 0 0 0 0 0 0
0 6 5 0 0 0 0 0 0 0
10 6
3 1 1 4 0 0 0 0 0 0
6 1 4 2 0 0 0 0 0 0
3 1 5 2 3 1 1 1 1 4
6 1 4 2 6 4 0 0 0 2
3 1 5 6 1 5 0 0 0 0
6 1 1 0 0 0 0 0 0 0
7 8
3 1 1 4 3 4 0
6 1 4 2 2 2 2
3 1 5 6 5 6 5
6 1 4 3 4 3 4
3 1 5 2 2 2 2
6 1 1 5 6 5 2
3 1 1 1 1 1 5
6 1 1 0 0 0 0
7 13
0 0 0 3 4 3 4
0 0 0 2 2 2 2
0 0 0 2 6 5 2
0 0 0 2 3 1 5
0 0 0 2 6 1 4
0 0 0 2 3 1 5
0 0 0 0 2 0 0
0 0 3 1 5 0 0
0 0 6 4 0 0 0
3 1 1 5 0 0 0
2 3 4 0 0 0 0
2 2 2 2 0 0 0
6 5 6 5 0 0 0
11 3
0 0 0 0 0 0 0 3 1 1 4
3 1 0 3 4 3 4 2 3 1 5
6 1 1 5 6 5 6 5 6 0 0
5 5
0 0 3 1 5
0 0 2 0 0
3 1 5 0 0
6 4 0 0 0
0 5 0 0 0
6 7
3 1 1 1 1 4
6 1 1 1 4 2
3 1 1 4 2 6
6 1 4 6 5 0
3 1 5 3 4 0
6 1 1 5 6 4
0 0 0 1 1 5
9 13
0 3 4 0 0 0 0 0 0
0 2 2 0 0 0 0 0 0
6 5 2 3 1 0 0 0 0
0 3 5 6 1 1 4 0 0
0 6 4 3 1 1 5 0 0
0 3 5 6 1 1 4 0 0
0 6 4 3 4 3 5 0 0
0 0 2 2 2 6 1 4 0
0 0 2 2 6 1 4 2 0
0 0 2 6 4 3 5 6 4
0 0 2 3 5 6 1 1 5
0 0 2 2 0 0 0 0 0
0 0 6 5 0 0 0 0 0
10 11
3 1 1 1 1 4 3 4 3 4
6 1 4 3 1 5 2 2 2 2
0 0 5 6 1 4 2 2 2 2
0 0 0 0 3 5 2 2 2 2
0 0 0 0 6 4 2 2 2 2
0 0 0 0 3 5 2 2 2 2
0 0 0 0 6 4 2 2 2 2
0 0 0 0 0 2 2 6 5 2
0 0 0 0 0 6 5 3 4 2
0 0 0 0 0 0 3 5 6 5
0 0 0 0 0 0 6 4 0 0
15 3
0 0 0 0 0 0 0 0 0 0 0 3 1 1 4
3 1 1 1 0 0 0 0 0 3 4 2 0 0 0
6 1 1 1 1 1 1 1 1 5 6 5 0 0 0
7 17
0 3 4 3 1 4 0
0 0 2 2 3 5 0
0 0 6 5 6 1 4
3 1 1 4 3 1 5
2 3 4 6 5 0 0
2 2 2 3 4 0 0
6 5 2 2 6 1 4
3 1 5 2 3 1 5
6 1 1 5 6 4 0
3 1 1 1 1 5 0
6 1 4 0 0 0 0
3 1 5 0 0 0 0
2 0 0 0 0 0 0
2 0 0 0 0 0 0
2 0 0 0 0 0 0
2 0 0 0 0 0 0
6 1 1 0 0 0 0
9 8
0 0 0 0 0 0 3 4 0
0 0 0 0 3 4 2 2 0
3 1 1 4 2 6 5 0 0
6 1 4 2 6 1 1 1 4
0 3 5 6 1 1 1 1 5
0 6 4 0 0 0 0 0 0
0 0 2 0 0 0 0 0 0
0 0 6 0 0 0 0 0 0
6 2
1 1 1 1 1 4
0 0 3 1 1 5
13 8
0 0 0 0 0 0 3 1 4 0 0 0 0
0 0 0 0 0 0 6 4 2 0 0 0 0
0 0 0 1 1 1 1 5 6 1 1 1 4
3 1 1 4 3 4 3 1 1 1 1 1 5
6 1 4 6 5 2 6 1 4 0 0 0 0
3 1 5 3 4 6 1 1 5 0 0 0 0
6 1 1 5 6 4 0 0 0 0 0 0 0
0 1 1 1 1 5 0 0 0 0 0 0 0
8 9
0 0 0 0 1 1 1 4
0 0 0 0 3 1 1 5
0 0 0 0 6 1 4 0
3 1 1 1 1 4 2 0
2 3 1 1 4 2 2 0
2 2 3 1 5 6 5 0
6 5 2 3 4 0 0 0
3 1 5 2 2 0 0 0
6 1 1 5 6 5 0 0
4 4
3 4 0 3
2 6 5 2
2 3 4 2
6 5 6 5
8 5
0 3 4 3 4 0 0 0
0 2 2 2 2 0 0 0
0 2 2 2 2 0 0 0
0 2 2 2 2 0 0 0
6 5 6 5 6 1 1 5
3 2
3 1 1
6 0 0
4 4
0 3 1 4
0 6 4 2
3 1 5 6
6 1 0 0
3 7
0 3 4
0 2 2
0 2 0
0 2 0
2 2 0
2 2 0
6 5 0
