30 20 31
6 8
0 0 3 4 3 4
0 2 2 2 2 2
0 6 5 2 2 2
3 1 1 5 2 2
6 1 1 1 5 2
0 0 0 3 1 5
0 0 0 6 1 4
0 0 6 1 1 5
5 4
3 1 1 1 0
6 1 1 1 4
3 1 1 1 5
6 1 1 0 0
9 4
3 1 1 1 1 1 1 1 5
6 1 1 1 4 0 0 0 0
3 1 1 1 5 0 0 0 0
6 1 1 0 0 0 0 0 0
7 4
6 1 1 1 1 1 4
3 1 1 1 1 4 2
6 1 1 0 0 2 2
0 0 0 0 0 6 5
4 2
3 1 1 1
2 0 0 0
3 3
6 4 0
3 5 0
6 1 4
13 5
6 1 1 1 1 1 1 1 4 0 0 0 0
0 0 0 0 3 4 3 4 2 3 4 0 0
0 0 0 0 2 2 2 2 6 5 6 1 4
0 0 0 0 0 2 2 6 1 1 1 4 2
0 0 0 0 0 6 5 0 0 0 0 6 5
3 2
1 1 4
0 0 5
5 5
3 4 0 0 0
2 6 1 0 0
6 1 4 3 4
0 0 2 2 0
0 0 6 5 0
1 1
1
4 12
3 4 0 0
2 0 0 0
2 3 4 0
6 5 6 4
3 1 1 5
6 4 0 0
3 5 0 0
6 4 0 0
3 5 0 0
2 3 0 0
2 2 0 0
6 5 0 0
1 2
4
6
3 1
1 1 1
11 6
0 0 0 0 0 3 4 3 1 1 4
0 0 0 0 0 2 2 6 1 4 2
0 0 0 3 1 5 6 1 1 5 0
0 0 0 6 1 4 0 0 0 0 0
3 1 1 1 1 5 2 0 0 0 0
6 1 1 1 1 1 5 0 0 0 0
5 8
3 1 1 4 0
6 1 4 2 0
3 4 2 2 2
2 2 2 6 5
2 6 5 0 0
2 0 0 0 0
2 2 0 0 0
6 5 0 0 0
6 4
1 4 3 4 3 4
0 2 2 2 2 2
0 6 5 6 5 2
0 0 1 1 1 5
2 9
0 3
0 2
0 2
0 2
0 2
0 2
0 2
2 2
6 5
7 5
3 1 1 4 3 4 0
6 1 4 2 2 2 0
0 0 0 2 2 2 0
0 0 0 2 2 2 0
0 0 0 6 5 6 5
6 5
0 0 0 1 4 0
3 1 1 1 5 0
6 1 4 3 1 1
3 1 5 2 0 0
6 1 1 5 0 0
3 2
3 0 0
6 1 1
8 6
1 1 4 0 0 3 4 0
3 1 5 3 4 2 2 0
6 1 1 5 6 5 6 4
0 0 0 0 0 0 3 5
0 0 0 0 3 0 2 0
0 0 0 0 6 1 5 0
8 7
0 0 0 0 0 3 4 0
0 0 0 0 0 2 2 0
0 0 0 0 0 2 2 0
0 0 0 0 0 2 2 0
0 0 4 3 1 5 2 0
3 1 5 2 3 1 5 0
6 1 1 5 6 1 1 5
3 8
4 3 4
2 2 2
2 2 2
6 5 2
3 4 2
2 6 5
6 1 4
3 1 5
9 5
3 1 1 4 3 4 3 0 0
6 1 4 2 2 2 6 1 4
3 1 5 6 5 6 1 1 5
6 1 4 0 0 0 0 0 0
0 1 5 0 0 0 0 0 0
5 8
0 3 4 0 0
0 0 2 0 0
0 0 2 3 4
0 0 6 5 2
3 4 3 4 2
2 6 5 6 5
2 3 4 3 0
6 5 6 5 0
2 2
3 4
2 0
7 7
0 0 0 0 0 3 4
0 0 0 0 0 2 2
0 0 3 1 1 5 2
0 0 6 1 1 4 0
0 3 4 3 4 2 0
0 2 2 2 2 2 0
6 5 6 5 6 5 0
10 4
3 1 1 1 0 0 0 3 4 0
2 3 4 3 4 0 0 2 2 3
2 2 2 2 2 3 4 2 2 2
6 5 6 5 6 5 6 5 6 5
5 8
0 0 3 4 0
0 0 2 2 0
0 0 2 2 2
0 0 2 2 2
3 4 2 6 5
2 2 6 4 0
2 2 3 5 0
0 6 5 0 0
5 8
0 3 1 1 4
0 2 3 1 5
0 0 2 3 4
0 0 2 2 2
0 0 6 5 2
0 3 1 4 2
0 6 4 2 2
3 1 5 6 5
2 4
4 0
2 0
6 4
3 5
