100 100
7 47 80 50 53 0 83 40 31 84 64 18 52 12 18 24 95 11 80 84 87 28 24 33 34 61 40 74 71 56 83 4 93 7 79 58 19 9 8 66 68 22 11 58 28 81 77 20 0 63 39 13 53 80 95 27 0 32 71 97 58 4 2 81 34 10 22 47 96 61 42 2 37 10 72 26 8 11 97 61 36 65 76 41 93 92 62 98 89 46 44 93 59 79 54 70 61 5 48 41 75 12 81 52 3 29 90 84 71 7 11 36 72 39 84 36 70 47 53 67 81 25 36 5 20 99 14 48 60 5 21 6 64 86 52 73 19 17 12 20 78 61 94 95 25 43 32 16 47 15 1 10 3 57 17 58 82 17 58 91 12 36 89 97 53 72 45 16 85 81 86 80 84 51 39 6 88 97 35 23 60 3 50 49 72 55 5 35 80 38 69 32 48 11 71 30 8 98
16 55 86 73 20 73 72 16 55 32 37 12 11 55 60 69 62 23 16 93 54 7 58 20 37 40 73 52 33 16 46 67 88 70 67 9 54 22 66 73 33 90 8 99 22 29 13 64 61 16 39 8 94 82 94 10 45 87 13 47 94 0 28 87 2 7 14 66 52 1 61 81 51 78 98 41 13 96 25 50 46 17 73 62 30 34 24 7 84 17 13 38 13 8 36 66 56 95 27 37 48 12 17 35 67 59 79 75 38 63 14 71 97 85 70 83 38 29 43 78 12 22 54 98 65 89 13 76 42 52 34 15 52 89 4 16 68 28 89 50 70 94 78 13 49 16 64 3 18 70 55 5 12 21 19 22 92 95 57 55 91 48 69 87 67 34 70 31 16 79 34 62 97 63 38 74 44 28 34 70 16 42 6 40 16 28 30 26 38 53 80 13 34 13 77 0 52 92
62 93 79 32 45 15 29 91 44 36 11 58 83 13 57 42 85 86 93 31 18 40 63 13 61 45 71 97 87 28 24 28 26 28 51 41 17 59 37 95 92 3 60 68 26 78 89 95 66 31 47 3 16 22 23 24 88 82 90 58 49 6 53 19 11 48 14 88 76 0 97 59 73 28 43 12 25 69 28 9 34 17 72 14 13 21 70 94 34 18 37 7 58 39 77 84 11 60 10 70 36 75 70 61 10 64 31 63 89 81 24 95 4 3 30 13 69 87 52 96 60 24 33 31 80 13 43 22 80 84 54 49 72 87 45 41 31 85 56 96 78 8 2 42 6 28 11 36 62 46 5 22 43 31 20 13 29 87 24 70 12 1 26 65 63 74 45 67 55 38 99 66 42 78 4 38 24 93 87 98 38 26 41 35 32 42 71 45 50 49 0 53 31 0 24 27 52 11
85 42 22 65 44 99 24 19 62 95 81 76 1 93 18 81 1 39 50 15 68 88 3 2 41 40 36 70 84 74 89 29 97 40 77 27 46 0 47 35 85 94 36 23 95 34 54 55 17 78 14 56 63 98 19 38 43 67 32 25 27 74 65 69 60 92 30 57 19 78 30 37 74 33 4 17 7 10 0 60 34 52 9 11 87 36 1 40 33 1 85 57 58 85 34 32 91 10 8 99 90 85 82 78 78 73 78 66 36 95 31 67 72 21 71 10 59 85 57 54 63 79 1 6 8 3 95 89 9 69 26 40 33 8 83 10 1 65 51 1 13 86 81 80 40 72 97 28 72 78 15 49 98 34 53 99 62 57 14 61 15 48 80 50 1 46 96 65 33 43 35 10 5 50 74 20 64 74 35 12 80 8 75 65 71 74 95 33 16 86 95 68 45 98 16 57 61 99
0 71 36 69 21 58 6 68 90 68 58 22 84 66 22 28 38 45 48 44 18 41 0 85 42 94 18 29 19 20 49 59 76 32 95 84 72 33 95 50 69 7 52 55 27 80 6 74 63 37 51 20 2 82 12 95 99 25 91 19 82 98 31 25 32 78 48 79 16 88 43 37 63 26 3 44 24 82 39 17 61 60 65 3 47 73 43 86 90 31 30 52 18 7 86 15 26 8 0 54 59 77 52 75 59 92 66 82 79 81 90 93 47 33 56 67 5 80 32 9 66 10 50 31 46 69 41 52 56 72 41 53 41 27 11 97 57 80 84 16 84 56 48 95 82 1 23 18 79 62 14 4 56 13 87 96 64 4 71 84 61 84 31 70 52 83 35 97 32 53 94 71 90 34 52 59 20 82 89 50 48 35 48 87 58 48 18 66 59 45 4 35 94 63 68 39 40 21
98 65 74 65 83 94 97 17 33 36 41 46 65 89 81 35 42 3 33 11 55 74 37 60 85 9 28 69 71 80 53 32 71 81 89 61 48 90 62 31 49 24 11 89 57 71 76 67 44 61 44 15 80 43 89 71 0 49 11 5 45 99 68 95 4 24 38 9 37 45 26 91 76 14 86 30 22 81 91 79 93 72 95 54 92 83 19 47 58 91 78 98 88 92 81 84 45 95 17 95 11 51 33 96 8 15 20 41 37 46 10 75 82 49 47 39 37 3 11 56 86 48 83 21 93 71 39 89 27 10 10 54 7 85 25 33 48 16 15 1 85 87 9 37 93 13 90 40 66 25 61 32 1 6 33 29 62 49 64 47 49 71 59 61 48 71 73 93 38 79 97 70 83 50 93 28 34 74 23 8 2 81 52 38 38 18 77 46 89 9 12 54 63 42 83 45 98 76
6 45 77 38 73 61 47 56 57 20 49 96 77 56 95 12 88 2 87 41 48 32 86 15 8 30 16 99 70 86 8 15 10 52 21 37 14 51 91 51 98 0 99 24 16 81 4 17 65 32 55 77 26 25 59 23 15 74 44 43 65 52 30 31 5 72 8 57 7 65 65 54 94 37 20 0 22 85 72 28 11 74 65 96 40 33 97 61 95 92 19 78 4 76 15 19 65 15 29 30 21 74 90 36 8 61 59 96 8 77 71 1 25 22 12 68 18 87 19 46 4 50 48 62 44 65 85 30 81 90 58 4 61 95 39 33 14 30 6 35 39 76 79 74 75 14 25 2 74 13 53 30 60 3 65 4 8 34 93 89 84 96 18 44 4 28 53 81 60 51 71 83 64 81 27 48 2 1 27 93 67 29 14 45 63 44 77 9 82 62 52 42 23 66 80 44 92 69
73 13 68 76 79 71 56 62 9 98 30 18 32 58 46 23 38 10 65 66 77 61 47 26 95 43 25 26 19 24 43 2 26 53 92 62 86 70 30 46 64 77 14 12 42 81 35 82 91 86 54 32 20 92 72 35 46 26 64 80 45 30 6 15 59 2 70 72 40 31 16 51 75 49 22 99 3 34 3 41 66 67 85 65 14 57 36 84 37 16 31 30 50 48 63 74 27 5 77 12 94 80 54 9 9 44 71 76 14 39 65 19 77 23 92 3 76 22 6 2 7 31 30 51 69 15 87 23 25 33 81 36 60 8 99 21 28 9 46 36 73 99 97 85 30 54 95 89 49 17 74 1 64 55 49 99 11 87 73 54 27 46 49 60 52 45 59 4 30 2 72 2 39 96 8 93 90 39 92 99 88 38 86 74 99 66 83 6 44 50 38 84 1 0 29 9 54 78
53 55 34 95 2 40 49 43 16 82 52 90 28 76 62 94 5 49 71 82 22 36 56 88 32 30 9 88 38 75 83 20 49 88 10 35 59 30 30 86 87 78 88 66 41 48 85 89 17 1 45 40 24 27 91 88 0 31 46 45 95 25 71 78 39 75 79 37 90 39 2 12 17 41 51 41 3 23 10 51 54 20 55 43 81 80 97 5 44 95 7 22 30 5 18 56 95 55 76 96 80 75 57 89 59 99 63 69 14 68 62 15 20 5 29 70 77 33 56 23 93 50 73 88 74 64 6 58 61 65 51 90 82 61 8 52 93 29 86 67 76 58 76 37 31 96 13 22 7 54 98 36 56 24 94 7 89 30 56 14 38 77 40 43 11 34 21 58 54 64 83 82 40 19 72 80 29 75 99 4 64 26 35 84 22 47 43 90 92 80 20 76 60 63 21 63 42 32
65 24 37 69 40 11 28 20 92 40 7 1 40 53 87 53 20 3 67 30 54 76 93 8 99 81 42 11 86 93 54 83 34 77 41 32 47 38 77 12 16 11 6 4 82 24 60 90 78 72 60 58 7 33 71 84 97 36 37 49 38 93 94 60 11 99 5 7 53 95 20 91 64 85 64 9 35 26 12 0 89 88 24 55 36 64 91 34 63 55 39 7 10 62 75 39 65 42 72 52 45 89 62 99 88 54 43 72 73 36 71 27 27 33 15 13 8 26 59 8 56 42 25 2 37 68 74 88 99 46 56 2 13 64 31 88 29 71 33 42 93 64 16 50 11 31 71 4 34 51 33 19 99 22 94 31 66 56 61 16 85 44 48 27 25 14 52 62 89 79 42 57 65 98 54 41 96 8 38 23 36 88 93 80 17 13 30 60 54 3 33 70 26 18 3 21 37 11
77 54 20 74 35 8 99 22 30 86 59 32 92 19 25 37 56 65 5 17 53 39 50 81 32 51 74 51 92 41 86 94 85 36 58 74 92 90 19 69 26 52 93 85 46 10 52 57 62 1 60 48 47 57 1 34 41 7 98 18 56 97 98 19 29 25 39 25 45 31 37 5 3 55 56 30 45 10 5 63 33 88 98 99 75 51 71 15 30 5 14 1 30 16 9 1 2 76 95 94 0 74 19 23 61 80 40 33 47 56 32 24 32 56 15 83 89 69 41 33 28 36 20 27 42 40 32 71 43 15 54 99 98 11 35 1 41 55 30 50 70 12 68 71 32 1 21 55 78 62 84 0 83 72 32 76 68 73 6 56 13 4 12 49 64 71 52 87 71 92 96 24 40 12 45 82 55 38 45 32 66 8 62 13 79 82 67 14 44 58 85 23 80 1 38 60 91 45
92 93 36 96 8 80 19 74 3 68 46 53 72 51 46 25 83 99 63 99 33 72 97 55 64 35 40 89 36 95 97 3 88 18 99 23 41 46 20 75 89 23 80 87 54 39 31 37 37 70 4 13 5 69 45 89 32 90 14 78 47 71 14 43 13 5 18 89 77 63 30 73 21 13 51 62 29 13 57 91 19 90 23 10 84 19 9 29 75 41 94 83 39 29 84 13 13 11 60 0 30 89 85 52 47 23 1 46 49 89 95 31 19 67 81 16 66 7 66 99 99 31 19 27 92 55 79 28 23 52 22 1 48 5 38 71 19 72 84 6 13 76 34 23 61 13 40 65 50 49 64 30 2 84 42 50 24 21 86 74 97 99 84 56 28 83 14 81 46 10 12 60 47 80 57 72 31 59 12 84 5 58 42 98 14 84 15 89 82 23 44 43 19 26 46 17 23 19
78 12 49 68 96 95 47 20 23 93 7 47 64 41 55 81 7 42 89 94 90 45 10 37 74 86 66 95 19 48 59 35 87 76 31 53 25 89 86 29 24 64 52 78 35 15 40 86 6 97 5 89 52 1 46 58 26 21 21 54 74 39 58 11 86 70 17 80 68 58 46 93 64 78 0 92 94 42 60 65 56 39 87 23 87 75 85 96 23 15 58 28 74 50 69 71 35 90 32 67 18 86 94 9 13 99 93 4 13 27 44 84 62 88 82 32 15 85 38 17 69 40 0 8 98 64 61 71 86 89 53 71 73 5 43 41 84 83 12 32 33 85 84 37 72 93 78 62 16 85 59 81 36 74 14 90 38 62 69 22 35 21 57 15 64 6 18 79 41 30 64 2 39 19 34 78 63 32 84 85 23 51 77 44 51 60 8 23 43 3 35 13 86 12 23 12 91 75
65 30 89 10 52 73 35 15 67 91 18 78 97 16 86 70 7 33 42 15 56 97 89 69 21 47 88 48 64 87 14 52 95 90 59 37 49 31 80 10 98 89 6 2 24 62 90 18 72 53 2 49 47 79 18 88 18 7 52 16 75 18 32 96 24 14 85 73 29 25 32 81 72 7 27 56 95 66 39 11 5 21 97 3 17 92 63 57 94 45 40 92 50 11 49 47 4 42 34 22 33 57 71 8 7 51 89 67 15 13 87 77 54 59 52 44 68 86 2 99 11 28 56 30 70 36 38 19 34 95 38 12 19 93 84 69 27 88 60 44 26 28 12 88 19 20 17 21 41 38 46 43 87 82 71 45 29 96 9 78 61 18 76 93 71 98 64 18 58 43 17 18 15 55 50 17 64 36 0 87 88 67 97 59 83 49 74 42 90 15 71 23 67 46 32 21 77 1
59 91 31 74 1 59 5 84 83 18 60 15 7 4 1 47 17 42 61 59 69 28 11 10 83 76 6 20 54 29 58 77 96 0 68 51 8 94 19 78 59 25 3 60 13 18 91 14 46 27 89 56 28 58 53 57 25 97 56 17 63 71 94 98 26 89 68 72 59 10 7 54 81 45 2 22 79 83 74 34 95 67 83 50 52 97 59 92 9 83 42 36 30 57 10 32 51 39 6 66 79 90 18 6 18 2 59 83 78 10 49 48 68 54 59 84 55 7 83 60 37 86 33 88 74 40 78 12 73 10 70 20 9 95 43 58 50 23 53 1 75 22 16 20 82 49 60 37 64 9 80 46 93 49 92 0 54 45 48 83 71 42 85 44 87 22 33 92 74 96 24 49 42 54 85 59 42 2 41 43 29 99 58 10 35 26 80 65 38 10 2 94 21 14 53 27 18 62
63 32 37 66 38 78 26 43 49 81 77 80 20 32 46 90 77 99 37 5 67 61 42 58 26 28 65 34 77 56 85 23 97 63 64 2 11 56 1 8 14 73 96 66 60 14 13 40 23 39 23 65 30 82 62 70 43 91 69 9 27 64 18 33 35 55 38 83 13 24 27 25 50 19 61 44 79 52 14 57 76 84 39 72 2 63 59 16 14 21 96 26 12 62 38 0 79 51 91 86 14 3 39 53 87 59 17 49 51 87 71 49 63 28 40 31 54 8 41 49 49 90 76 30 29 14 99 17 17 22 1 89 17 23 93 37 35 58 6 80 18 50 87 47 36 83 48 0 4 11 76 77 18 13 49 92 8 23 14 28 68 13 9 54 94 23 32 7 15 28 15 74 98 29 17 63 13 61 95 49 35 32 40 65 92 75 88 1 28 16 83 8 13 62 10 77 45 17
97 99 61 22 22 99 31 45 66 19 84 16 74 87 86 6 1 75 51 46 65 29 67 68 78 45 94 66 18 33 95 21 55 24 54 93 53 64 2 67 56 3 32 10 75 49 66 65 67 91 62 77 41 15 45 73 8 5 15 92 38 71 29 4 40 60 26 2 84 30 16 80 89 94 18 34 86 19 48 84 11 52 99 90 65 8 76 36 71 39 70 0 25 28 87 65 78 70 9 6 63 98 46 23 54 50 32 37 96 72 63 41 45 77 79 77 98 35 32 44 40 76 89 13 72 13 44 94 29 34 64 28 85 94 24 2 8 57 44 56 11 44 82 46 29 16 67 66 17 47 13 20 71 43 65 23 64 66 19 27 45 99 65 99 76 87 7 80 15 10 59 46 88 33 54 14 47 78 39 69 89 83 82 58 12 84 27 54 70 1 71 46 53 42 81 52 21 32
78 27 51 11 39 82 17 1 75 21 72 95 73 69 75 28 87 14 91 9 52 25 35 99 51 44 4 16 0 72 73 53 31 27 75 33 23 30 27 8 73 17 38 65 85 28 12 68 93 29 27 2 47 53 9 18 26 1 88 42 52 73 15 43 68 52 73 45 58 42 70 34 68 44 10 79 16 41 43 50 75 94 40 51 66 28 37 15 35 84 19 13 64 56 8 57 18 42 76 18 17 3 52 38 56 67 10 63 18 4 5 94 23 59 10 58 99 16 93 19 55 43 87 9 92 27 76 81 82 50 18 98 45 89 48 10 28 49 62 7 79 77 18 7 90 82 45 54 36 75 96 15 71 76 28 92 60 68 23 83 97 53 24 72 73 19 64 88 16 92 18 61 10 80 6 96 32 58 46 87 76 70 73 23 40 22 50 25 86 46 66 20 52 18 95 16 74 87
33 51 14 21 0 2 29 94 40 99 47 43 51 80 67 20 70 64 6 82 91 67 67 93 39 6 75 68 7 47 91 10 47 59 6 13 83 72 13 72 41 4 95 79 17 50 72 63 28 50 91 29 69 96 11 50 49 70 38 37 56 96 91 77 19 30 0 34 91 40 83 35 14 91 52 73 13 65 18 64 23 88 1 59 44 40 0 4 45 58 3 32 52 30 0 40 79 27 87 56 4 8 0 9 60 69 2 24 66 71 36 4 52 5 53 34 33 84 65 68 32 40 85 83 80 81 27 89 54 28 29 26 66 61 59 6 51 48 30 22 30 55 11 48 6 91 40 48 98 14 21 78 96 74 25 10 75 37 92 13 46 11 96 47 62 76 34 57 27 29 90 62 47 86 55 97 30 63 16 71 47 31 45 40 12 30 50 42 62 6 29 66 18 40 15 44 88 96
44 39 61 85 57 84 89 51 72 9 33 78 52 51 21 5 15 48 31 56 29 35 17 21 66 35 49 51 93 69 64 44 99 98 63 10 17 71 19 10 59 34 34 43 38 2 66 84 25 91 8 88 74 77 77 87 41 47 4 37 54 77 9 62 36 76 62 32 27 66 39 61 80 23 92 17 80 16 11 6 40 56 24 30 52 65 48 0 24 61 99 90 4 67 24 77 36 85 28 84 88 45 59 24 94 51 26 10 22 73 95 79 72 71 86 34 26 90 63 47 86 60 35 14 53 50 4 45 83 77 38 27 95 46 51 15 61 95 10 81 34 23 12 5 42 18 82 38 7 4 56 10 45 17 17 70 6 36 50 61 93 71 22 94 21 89 30 20 54 68 27 96 78 3 1 5 38 17 18 92 18 58 19 24 30 97 26 13 91 53 45 78 19 55 24 21 13 75
58 92 48 91 18 11 37 17 71 29 32 41 70 26 8 69 45 17 79 90 17 5 71 83 69 31 1 17 8 98 75 13 82 58 87 25 59 94 26 45 66 4 87 59 27 1 50 3 96 49 69 71 41 47 31 64 16 85 90 84 65 36 77 4 71 62 97 85 8 59 45 40 36 24 9 45 69 75 99 49 26 14 74 91 5 39 87 93 56 48 54 74 17 3 61 53 85 3 52 42 97 88 97 35 32 33 49 3 31 46 2 1 41 43 87 24 11 89 34 49 42 76 20 90 69 0 11 41 26 86 98 38 40 76 81 46 45 44 73 66 66 21 19 57 63 9 67 45 73 72 38 61 98 95 6 78 23 95 60 17 80 85 11 71 11 77 15 86 8 22 78 55 82 68 30 61 6 4 30 58 91 10 17 90 91 8 7 49 89 51 28 91 90 19 17 98 91 12
13 87 22 18 31 14 6 77 12 84 92 76 65 9 98 31 56 84 46 10 88 46 78 45 84 69 84 94 75 74 84 40 41 84 0 53 60 54 20 77 3 29 16 97 54 65 70 49 37 40 36 17 98 51 84 23 13 56 76 30 76 73 55 77 69 53 91 0 15 21 10 44 35 47 51 24 83 40 6 4 50 76 79 58 57 11 56 20 84 52 52 68 74 84 11 70 82 81 98 8 56 30 69 16 81 52 96 93 95 17 80 99 47 13 84 2 23 64 33 16 42 96 67 93 24 62 98 44 98 32 7 16 39 41 95 11 27 90 30 86 19 81 57 99 57 2 2 5 10 43 52 71 85 24 44 72 52 66 89 66 8 59 19 48 65 56 84 28 21 16 63 93 52 98 1 11 16 34 29 84 13 27 56 38 25 53 45 69 55 58 57 26 76 22 93 53 61 58
7 47 80 11 52 83 85 36 18 48 95 51 20 78 31 44 38 75 32 58 74 96 62 43 44 72 88 51 71 88 82 75 62 51 7 87 70 93 51 35 87 22 6 85 89 45 87 57 65 67 19 69 66 56 53 25 85 40 55 42 19 0 82 85 80 81 92 3 73 78 53 28 71 34 64 98 99 28 33 73 88 52 15 13 4 72 14 79 3 65 15 85 36 90 9 61 61 92 7 88 23 99 6 50 53 88 3 86 52 64 54 46 66 47 37 92 60 65 80 64 57 77 71 3 22 29 7 12 87 97 91 15 68 78 16 27 55 36 70 92 53 26 0 36 13 1 96 18 94 83 34 4 14 47 32 7 76 84 96 2 42 54 85 71 39 40 91 17 42 21 77 24 47 8 55 45 63 92 30 5 7 30 15 49 13 59 64 68 88 10 27 24 5 41 32 96 3 84
67 70 75 2 38 68 96 15 36 27 32 31 95 32 86 64 49 37 28 63 11 39 71 80 93 66 11 50 10 14 9 84 31 21 43 89 32 42 56 20 71 48 73 1 23 43 8 64 62 49 19 99 29 60 88 41 30 7 94 51 52 7 89 0 46 37 43 54 82 88 16 9 70 4 97 59 71 21 61 9 78 32 38 59 53 96 44 21 29 35 33 47 27 31 24 86 31 43 15 27 40 15 14 22 63 14 2 22 82 18 45 34 41 55 58 24 70 35 9 31 9 92 12 69 26 81 41 36 35 5 17 9 26 31 3 26 61 90 58 91 15 7 11 51 14 34 31 25 63 65 36 49 30 66 37 87 57 14 83 99 98 69 32 13 86 47 74 10 22 56 65 79 50 76 51 9 48 85 98 4 91 59 19 15 77 4 6 23 26 86 6 1 32 4 72 15 2 81
51 23 82 16 91 44 69 87 83 87 16 3 44 38 8 87 37 55 69 74 51 36 69 47 38 48 37 51 7 81 58 71 32 85 21 54 27 60 58 61 9 74 64 16 70 19 95 49 80 90 10 73 5 96 64 99 74 53 41 79 94 26 40 88 25 20 81 56 44 32 12 32 74 30 49 65 43 28 34 43 70 1 7 35 13 85 68 39 62 66 58 86 41 76 69 75 88 19 69 85 14 44 30 10 45 0 77 44 74 33 80 44 15 20 16 67 65 33 50 22 63 42 54 32 18 51 90 29 43 58 0 52 67 51 6 16 44 72 93 39 13 68 44 24 17 21 97 83 62 38 58 52 4 46 98 76 81 75 50 20 70 69 72 31 12 50 1 2 58 44 70 4 78 59 59 58 57 85 26 14 89 28 85 92 84 38 96 69 41 69 51 43 28 11 27 38 30 42
28 98 22 3 92 42 6 0 52 81 3 25 59 79 18 56 37 28 68 89 31 8 9 80 34 12 92 53 77 98 65 57 64 91 31 24 15 46 71 5 34 92 79 42 36 34 84 72 87 92 1 10 25 70 11 46 41 7 35 51 88 59 99 97 39 77 71 9 8 63 74 30 79 66 61 51 70 13 59 33 24 2 9 64 67 19 76 86 73 83 83 24 71 57 17 67 88 85 1 26 49 20 67 59 90 21 51 28 66 60 92 9 49 17 9 93 31 68 14 30 93 1 62 45 39 0 34 94 43 82 31 72 64 24 71 25 56 41 70 27 78 73 38 29 97 92 81 95 38 28 79 90 89 55 69 44 81 54 92 82 56 34 34 50 71 46 9 75 48 82 9 45 96 28 72 16 4 13 47 8 69 64 89 14 32 75 54 40 49 86 92 28 58 78 81 28 55 23
34 31 21 33 46 47 11 23 65 29 81 71 72 55 36 31 19 90 47 37 28 22 14 80 70 65 38 34 81 92 57 15 3 4 80 69 36 75 42 64 30 20 25 3 77 14 68 99 90 82 56 68 7 23 49 88 79 71 89 54 59 93 13 79 70 86 33 90 35 77 1 70 76 81 64 34 19 45 47 49 36 98 16 61 26 87 24 9 90 41 36 32 91 82 48 94 87 19 96 1 16 90 72 19 27 70 6 83 38 84 49 12 30 74 23 52 82 30 40 14 23 39 88 73 52 8 0 84 93 14 24 22 36 51 18 87 97 90 17 64 94 22 47 1 38 71 83 43 94 71 91 83 94 23 77 60 50 1 58 54 78 52 47 5 82 10 63 1 33 47 32 66 22 47 85 15 14 22 93 68 53 91 44 28 79 85 24 62 8 95 54 61 2 76 4 38 19 67
20 13 34 53 32 57 98 1 99 61 29 91 52 80 82 12 4 10 4 97 70 98 46 43 28 97 16 14 53 45 66 22 91 50 79 43 75 71 37 85 38 30 74 0 68 64 81 27 99 86 65 58 26 90 98 22 44 57 97 94 75 63 57 13 24 90 39 83 59 6 62 42 46 80 94 27 51 76 29 2 9 42 86 89 30 77 96 27 36 48 53 11 17 2 47 59 31 51 56 69 33 80 51 18 94 40 90 74 68 72 90 3 64 29 69 17 29 12 64 39 35 88 67 99 58 67 76 92 6 95 53 7 35 8 16 42 16 1 91 25 99 74 53 66 90 27 2 54 48 32 87 16 12 76 41 84 11 41 38 55 78 76 49 93 6 75 93 48 74 66 73 53 21 68 75 67 30 35 12 85 17 99 57 5 53 80 15 12 66 32 80 19 55 91 19 60 23 93
9 1 66 43 21 61 42 49 96 79 73 59 60 12 52 79 58 77 83 44 99 39 24 31 37 62 34 28 15 22 65 85 38 25 90 91 79 85 82 41 80 32 54 32 99 19 29 99 97 64 95 50 87 46 93 53 88 69 68 10 51 8 98 24 7 23 25 2 18 57 41 26 16 40 26 62 27 2 70 77 55 51 12 99 29 30 74 53 13 7 67 48 85 70 54 44 78 8 81 6 28 5 88 26 93 36 21 9 30 6 56 20 76 30 54 68 54 55 99 47 35 85 28 31 92 32 72 81 55 66 31 27 9 48 5 3 66 99 59 28 14 23 88 79 99 0 56 53 94 48 84 55 88 93 50 68 64 41 59 71 0 27 0 26 4 81 52 22 63 42 27 23 32 75 28 33 86 79 23 11 73 57 22 89 64 91 45 1 42 52 40 93 2 48 84 87 66 17
5 61 80 87 26 21 57 87 75 59 83 13 17 76 72 95 27 50 29 62 25 80 19 8 26 38 51 36 1 96 71 32 41 81 82 87 69 58 19 56 50 84 12 19 26 32 28 86 65 39 39 60 32 80 35 34 16 13 89 83 73 75 90 77 47 80 74 59 50 24 94 37 66 2 39 99 15 40 20 49 18 9 23 30 51 39 26 75 97 93 37 4 58 59 28 11 43 99 88 37 46 56 98 97 93 66 35 49 10 45 48 41 45 50 39 26 54 73 15 31 40 92 90 88 13 51 28 55 75 3 46 28 12 20 29 73 40 56 32 63 5 47 78 14 70 12 79 3 80 9 44 11 75 22 68 58 64 46 94 75 14 66 33 32 20 96 56 91 4 67 65 6 58 76 19 75 75 14 16 42 9 45 6 23 0 9 53 93 71 52 95 93 12 48 85 40 7 28
94 63 77 99 92 58 14 6 20 0 40 37 20 99 60 36 61 71 9 21 94 27 57 5 20 52 77 58 94 86 85 12 48 49 82 92 80 96 98 16 79 34 98 94 79 92 54 81 67 23 60 95 48 99 3 4 12 25 35 31 81 33 79 25 86 32 65 3 99 14 48 1 41 93 58 7 62 43 37 44 66 31 97 40 72 17 68 77 58 47 5 15 39 56 70 48 74 78 53 98 45 41 88 58 11 51 76 97 26 99 42 41 0 90 22 31 8 92 99 73 60 99 13 58 59 44 80 95 46 99 95 19 24 64 75 60 38 93 50 55 87 42 94 95 47 84 18 55 61 12 10 58 37 51 46 56 77 37 35 47 46 24 78 7 99 17 67 83 97 28 20 9 97 29 43 12 2 54 41 58 4 33 30 25 23 92 69 82 89 82 91 33 79 81 5 99 20 55
54 95 92 54 32 28 79 42 34 73 79 16 67 25 47 54 39 65 12 87 67 12 72 68 29 15 42 27 70 34 91 94 24 48 19 13 62 53 33 39 25 78 95 73 26 52 67 52 59 64 51 60 95 49 55 74 36 58 17 57 84 76 36 5 95 30 22 88 59 30 15 19 69 54 68 35 92 6 47 89 82 4 30 17 47 9 34 20 55 73 56 62 85 96 63 62 38 47 41 49 44 10 54 96 3 43 0 32 23 49 77 94 56 97 47 93 8 44 63 94 40 92 80 68 82 44 67 27 42 33 59 81 95 67 45 35 95 82 84 46 83 62 52 98 61 40 32 58 39 99 46 44 3 32 94 75 46 71 27 63 88 1 60 44 24 66 66 95 30 19 30 21 72 14 40 31 90 71 58 86 50 10 37 27 68 27 18 56 3 7 19 11 91 2 1 52 52 32
56 95 2 44 82 38 63 80 18 68 6 99 0 23 82 22 60 24 0 99 69 83 50 37 12 18 35 26 73 7 67 29 47 78 82 32 95 82 39 51 95 90 90 87 41 5 19 14 46 31 34 36 50 1 65 45 21 71 20 48 3 44 57 17 76 59 69 95 51 95 45 49 94 70 54 40 89 87 32 13 86 35 11 74 70 39 87 61 3 27 10 75 40 84 82 76 0 93 70 92 19 37 80 0 37 72 29 52 46 7 90 3 81 29 42 65 71 54 73 88 54 87 99 43 79 17 69 8 64 62 99 87 4 55 5 39 7 90 77 48 97 30 77 87 24 70 90 53 85 15 74 38 67 90 31 65 19 9 30 36 98 67 95 19 25 30 3 16 6 28 78 70 69 75 85 48 30 86 37 91 96 30 86 29 66 0 62 55 86 55 90 17 90 68 33 67 58 45
62 92 29 93 12 40 60 24 2 20 25 92 19 95 6 99 40 23 59 17 19 16 68 82 67 50 18 12 79 66 41 37 49 79 92 87 86 58 96 25 65 38 89 54 60 25 55 82 7 66 19 11 97 43 62 85 66 21 92 19 98 80 34 73 59 88 57 59 77 27 45 82 57 63 94 64 31 33 81 77 87 82 64 22 36 54 52 14 90 40 36 83 30 92 51 49 48 53 94 71 59 99 50 10 43 26 44 38 35 5 90 74 93 89 76 59 42 78 75 40 84 60 56 76 4 62 8 12 69 62 87 54 34 91 88 50 5 87 32 57 66 43 46 87 25 59 34 33 3 92 80 84 94 72 28 6 86 4 76 20 25 15 92 66 88 13 41 42 47 76 61 4 59 70 87 33 77 4 78 59 90 19 1 25 15 48 87 64 59 9 21 65 0 93 52 39 52 88
93 67 80 7 74 78 32 76 44 24 28 91 21 78 67 0 24 85 4 71 55 38 94 12 67 81 61 84 25 82 4 68 76 56 9 84 97 47 46 29 89 53 15 14 57 38 98 57 70 90 47 48 4 67 47 69 63 14 39 54 24 51 63 98 10 26 52 98 59 94 85 22 4 83 95 4 40 60 54 67 99 18 38 28 64 28 23 72 95 50 66 35 93 36 63 40 86 22 6 67 27 0 23 25 68 7 95 65 94 4 19 95 9 98 41 0 87 0 57 29 44 34 79 17 8 24 71 49 11 47 88 5 43 46 10 62 37 35 58 75 76 96 90 16 92 77 21 90 75 94 68 26 19 73 3 79 58 17 20 19 90 67 98 90 57 45 42 26 39 2 42 31 52 77 30 13 1 17 75 33 19 35 57 22 98 96 73 53 25 74 57 30 18 70 29 47 68 5
97 94 35 58 16 29 35 55 35 52 10 21 48 82 55 57 43 49 93 75 83 36 33 9 78 95 23 64 68 60 72 98 65 63 60 35 15 33 18 23 70 74 48 19 79 40 56 79 97 73 77 61 30 15 77 25 55 14 21 89 87 67 22 69 25 46 64 84 33 74 98 67 86 93 95 61 53 40 29 35 94 26 88 86 67 76 7 75 27 25 32 41 8 77 40 96 2 33 91 17 25 50 19 24 99 48 80 6 39 2 38 51 93 32 12 85 36 10 25 45 5 64 67 79 20 99 94 25 33 35 31 41 81 4 0 69 90 27 29 25 64 25 58 59 43 67 1 90 94 22 81 97 81 80 84 11 3 74 35 10 29 93 44 65 13 54 35 40 79 91 35 47 58 71 4 44 94 54 4 92 48 38 62 54 35 85 37 58 28 41 95 34 43 66 97 99 42 41
98 67 18 80 88 79 65 13 75 23 60 70 98 82 96 35 25 83 25 4 98 58 55 11 87 21 35 46 60 49 69 38 87 77 4 82 87 33 14 64 47 29 97 21 77 68 90 95 79 39 30 5 59 42 87 66 5 98 4 93 61 63 24 38 19 90 66 24 38 1 76 23 28 87 22 80 71 3 88 90 73 57 81 87 45 71 37 87 35 19 52 82 31 87 14 23 28 54 89 55 50 9 22 49 93 17 56 14 62 36 40 59 3 59 99 23 59 27 44 90 20 83 69 92 15 22 65 87 78 46 3 87 85 4 91 59 53 59 79 26 6 28 12 74 76 16 63 84 90 34 34 10 11 7 11 73 24 72 93 36 73 47 24 9 31 48 60 32 19 94 0 25 51 56 90 11 87 11 11 2 95 8 41 40 87 4 12 25 84 38 86 66 3 14 4 15 43 98
46 21 86 87 67 74 14 76 44 42 37 2 39 0 60 85 64 26 34 63 82 81 29 30 81 7 4 65 47 53 2 13 57 93 30 93 98 85 28 61 7 16 4 93 77 5 74 12 89 73 72 34 39 74 74 77 19 36 20 8 17 75 76 61 33 6 65 22 4 38 58 38 82 70 6 4 55 94 3 68 66 43 83 90 15 54 87 98 14 2 9 92 30 63 21 56 30 64 19 74 21 18 43 31 98 30 42 30 10 50 40 5 23 27 36 3 52 49 29 17 78 3 98 49 45 61 35 64 74 90 99 6 42 92 17 89 62 74 21 14 87 71 26 1 63 21 81 77 17 79 96 61 63 41 84 98 25 34 30 69 74 2 51 30 47 19 95 55 14 15 23 10 48 2 91 33 20 14 36 31 29 11 21 80 95 71 19 27 59 79 97 2 77 24 88 67 87 32
4 60 50 81 6 69 49 79 21 65 53 54 24 57 6 91 12 76 15 2 76 51 11 13 82 35 51 68 37 6 84 40 58 12 76 80 51 52 62 25 17 66 37 54 98 37 33 34 76 10 32 36 37 12 25 21 2 37 55 37 76 99 16 59 26 47 74 75 30 97 46 12 76 21 39 53 60 26 37 29 72 19 96 78 74 18 1 21 2 60 95 48 69 8 53 50 14 0 59 22 92 73 20 86 77 32 62 70 36 57 36 83 27 86 39 45 31 14 47 64 7 6 94 21 19 66 35 22 44 4 19 54 84 37 67 33 88 29 35 76 28 77 96 51 25 13 97 58 14 80 56 74 90 5 51 89 91 43 37 42 73 38 87 38 71 54 79 4 27 26 85 13 37 63 23 64 5 38 41 50 54 93 45 33 61 33 74 3 21 36 87 2 5 18 9 51 95 50
98 81 88 9 35 71 73 61 5 98 75 36 50 61 62 24 65 21 17 14 9 67 80 50 67 64 88 86 66 63 58 92 61 38 24 13 50 25 47 87 74 4 69 34 49 8 27 19 70 11 71 51 93 71 66 71 10 58 24 97 59 61 8 29 32 79 43 32 47 98 47 53 27 3 6 12 68 2 17 45 54 41 43 44 83 66 52 71 85 64 17 96 17 26 68 32 31 37 1 82 47 6 82 37 76 65 98 25 33 30 78 37 8 0 69 57 43 81 14 30 39 3 41 95 45 62 18 45 92 74 95 26 90 63 15 31 66 77 84 86 89 45 29 98 48 65 88 21 78 94 25 69 86 25 55 98 72 26 89 3 82 28 23 37 16 3 26 91 46 50 15 7 69 70 64 20 48 22 40 59 63 88 63 75 56 14 63 17 42 75 99 29 31 86 10 17 60 89
14 35 35 26 29 48 90 89 53 17 52 42 83 87 23 52 57 6 35 27 11 2 49 21 34 30 75 1 15 93 20 5 90 44 85 59 7 78 99 25 60 54 64 39 34 37 41 52 93 73 2 52 91 90 79 65 31 58 64 61 99 80 45 52 76 21 2 34 91 73 84 88 94 2 5 21 25 63 93 42 28 58 93 95 81 35 71 69 84 73 34 68 30 28 76 61 76 69 76 59 9 54 1 23 73 16 75 77 29 42 97 99 74 12 21 35 41 99 67 4 67 19 52 78 6 61 19 18 12 67 87 21 21 67 90 51 35 73 12 17 2 8 56 57 8 40 64 96 93 47 21 0 33 7 32 71 9 52 72 29 74 13 1 98 9 66 36 78 70 42 82 23 41 24 55 46 62 52 46 79 86 38 38 21 1 46 92 98 94 3 80 43 16 22 93 50 32 10
34 10 23 26 1 37 84 16 68 84 20 78 70 73 41 16 4 56 12 24 54 6 37 22 46 30 64 89 60 91 71 40 4 26 27 77 61 74 51 50 19 7 50 12 42 97 73 71 97 56 2 68 44 40 31 20 71 83 64 12 38 70 62 66 84 56 19 52 35 66 87 92 12 37 54 65 97 80 69 87 26 82 93 10 65 57 85 69 88 53 70 32 67 84 0 83 71 30 62 59 73 61 18 99 99 78 22 48 95 10 26 49 86 2 82 43 9 99 83 66 36 21 69 94 83 75 83 27 73 29 67 3 6 76 58 61 78 47 64 83 53 3 63 20 9 8 38 45 12 99 38 15 13 26 30 67 3 55 67 6 11 22 10 27 5 92 60 71 69 28 27 96 87 81 19 51 72 95 79 1 9 25 14 60 37 98 27 17 37 90 39 83 36 73 33 12 69 30
69 67 53 50 58 75 57 3 56 70 24 71 38 16 67 23 83 7 11 12 88 50 61 19 87 66 9 26 57 48 34 79 80 13 63 51 56 7 76 99 64 9 93 59 69 48 16 66 67 52 53 67 32 50 79 67 47 53 43 69 65 18 38 85 78 7 17 7 55 11 12 64 33 18 41 7 28 36 91 39 73 44 46 82 75 15 0 83 66 18 72 1 86 7 22 8 63 91 44 68 24 48 68 67 83 93 92 13 95 39 1 99 93 18 65 97 77 72 89 9 49 51 37 62 13 56 83 61 67 15 34 42 18 99 18 10 28 14 60 18 67 56 66 91 37 79 93 31 94 88 15 35 85 20 87 4 28 90 3 6 74 60 40 83 9 79 5 40 50 84 18 29 10 45 28 0 1 81 30 79 57 2 54 93 99 8 48 46 21 39 96 68 98 93 25 32 27 81
84 38 60 26 87 31 67 8 11 36 99 49 36 23 51 23 15 4 20 35 23 17 10 80 16 83 50 89 36 88 96 88 79 37 72 44 73 61 40 64 29 83 56 45 27 82 35 77 70 0 19 13 6 21 94 24 69 56 10 59 57 75 69 34 35 75 59 58 37 28 35 38 96 41 69 58 48 42 96 0 76 93 52 85 7 96 54 72 32 94 98 8 45 14 71 1 61 76 47 8 1 2 65 11 92 8 93 63 25 77 37 91 11 5 60 25 93 30 78 31 3 27 33 3 74 65 73 97 31 43 53 16 22 55 23 99 61 36 78 29 50 75 66 27 0 46 76 66 43 94 14 9 68 39 93 90 18 17 76 1 45 88 77 43 77 21 86 55 15 9 55 52 39 47 12 61 31 95 96 62 52 37 54 55 77 81 54 19 55 35 45 25 92 34 40 88 25 48
6 79 15 7 45 81 52 5 78 42 25 14 30 76 45 59 33 73 61 69 19 68 86 47 98 58 88 9 2 10 97 86 29 52 24 35 45 38 7 80 90 84 3 70 21 92 59 28 46 43 96 49 52 18 54 12 6 9 43 18 14 75 8 68 96 57 87 84 27 95 97 89 85 24 34 37 69 21 17 50 91 99 41 86 92 72 71 14 3 97 89 85 17 65 8 66 51 53 85 96 35 48 71 67 84 17 84 51 69 40 63 34 55 51 96 71 94 37 39 19 26 14 43 56 4 22 20 29 29 1 83 68 35 0 91 43 85 18 23 35 4 31 99 32 18 76 21 29 68 87 46 63 58 81 82 92 44 65 42 3 16 62 6 43 27 91 51 43 85 4 64 27 11 46 22 13 36 33 54 20 7 6 33 46 77 96 81 84 85 93 62 4 20 74 2 18 60 31
84 70 95 62 41 9 19 85 61 90 51 29 47 15 67 22 15 43 96 60 10 11 69 92 1 58 66 58 76 35 73 41 19 67 77 60 23 33 27 43 56 28 56 92 2 41 80 17 46 23 39 64 96 3 30 74 60 22 47 55 16 63 89 13 58 84 42 63 38 84 49 48 93 54 65 31 50 44 46 32 10 48 17 18 98 46 31 99 76 95 4 20 88 55 68 93 25 71 22 93 51 42 19 47 9 53 88 48 78 5 60 74 99 27 35 47 6 76 24 52 72 18 9 86 7 68 78 8 75 94 29 44 79 86 91 49 81 67 0 56 67 80 61 86 13 51 40 28 85 83 39 99 13 57 65 34 97 19 46 79 54 45 83 37 24 48 34 82 21 85 25 58 58 19 26 68 94 97 61 14 36 12 20 42 58 9 59 66 87 78 28 15 25 29 67 78 12 15
74 87 58 76 69 6 9 64 65 43 2 81 10 88 58 77 85 23 23 59 84 36 87 80 52 70 93 49 27 2 51 14 75 3 39 81 79 53 66 41 60 73 66 83 99 36 58 8 52 56 34 95 37 17 50 40 52 37 68 3 12 32 0 39 62 13 46 35 66 50 5 22 72 87 67 81 11 63 15 57 30 18 61 88 49 87 34 20 45 73 42 35 90 94 68 89 6 37 96 68 88 76 26 51 32 21 85 31 84 34 90 92 86 22 45 29 49 54 87 7 18 14 16 64 24 60 83 33 88 23 38 73 61 64 28 67 67 6 98 33 67 83 35 15 50 78 47 39 1 4 32 48 81 32 44 85 37 23 35 32 66 71 43 6 64 11 2 68 82 61 26 23 12 45 2 55 37 49 65 22 94 25 13 39 34 23 1 69 79 1 91 41 31 19 90 97 32 94
68 87 21 22 66 1 29 35 8 73 67 74 35 61 99 50 62 56 30 56 32 99 78 93 5 0 72 7 11 67 32 40 74 15 35 71 56 34 74 26 25 18 58 0 84 95 60 46 3 22 34 75 34 60 88 17 82 71 34 94 38 60 35 92 81 28 98 72 83 74 3 36 72 9 76 56 70 82 51 56 92 79 15 47 4 84 49 28 68 53 60 86 44 60 46 25 22 14 24 50 31 90 64 14 42 38 13 16 12 62 15 85 83 48 12 84 16 97 9 33 38 31 66 17 2 50 88 27 93 70 23 58 15 50 0 80 99 28 46 58 70 46 94 50 55 18 22 0 9 57 20 33 96 34 37 5 73 15 51 6 62 65 54 98 70 69 36 41 43 89 39 45 43 16 77 60 9 46 4 19 17 67 63 54 12 39 43 70 54 91 10 99 52 73 68 9 84 59
86 33 64 6 58 33 82 86 34 99 15 69 61 8 25 34 66 67 48 76 86 49 65 83 34 82 36 23 31 98 85 64 95 44 82 57 50 34 53 43 38 51 35 88 61 18 78 60 77 40 38 68 84 96 94 74 78 97 19 54 29 52 88 31 27 63 50 0 26 53 31 3 86 29 75 20 64 14 39 69 82 5 71 27 37 13 80 85 45 95 88 34 36 59 27 85 5 21 5 62 91 37 83 56 92 85 70 99 85 53 38 27 81 25 99 17 40 20 73 56 32 65 30 54 85 46 50 1 1 28 55 14 90 82 30 85 24 99 37 82 34 44 85 7 15 44 66 11 23 7 41 1 37 40 12 89 87 65 9 69 83 2 72 86 83 5 20 78 33 10 64 93 48 52 82 27 30 94 79 34 22 20 42 54 4 37 11 27 8 85 94 47 72 84 16 30 51 12
28 4 33 49 1 65 59 56 18 34 80 8 6 29 40 29 10 93 89 76 80 38 66 4 46 34 29 17 11 82 14 18 55 73 18 1 2 72 87 70 66 49 35 16 29 81 91 90 26 40 41 31 87 89 96 60 29 3 73 20 80 9 39 95 21 32 58 18 9 44 10 72 49 47 50 8 16 27 88 43 54 40 96 0 13 25 66 75 98 18 36 34 97 89 67 58 83 26 51 12 87 3 71 72 93 7 59 18 85 13 58 89 80 13 42 6 0 47 61 79 3 64 94 38 43 79 25 99 62 89 15 84 77 16 59 51 88 91 18 38 43 23 88 5 27 87 21 58 57 89 31 36 66 18 48 30 29 82 68 63 53 36 70 78 87 68 24 16 37 1 22 3 86 49 92 37 3 19 66 95 23 74 52 3 69 7 29 88 10 40 54 55 36 48 29 15 45 21
83 24 3 20 43 5 61 53 27 59 92 10 44 9 3 8 34 31 84 59 99 58 60 47 63 75 79 0 53 22 83 96 89 45 6 48 75 72 20 13 78 14 30 25 73 25 15 23 97 66 78 69 91 17 60 38 38 27 62 0 34 90 75 21 27 94 26 98 11 18 51 41 35 14 5 28 81 89 50 61 65 62 63 20 74 60 33 64 18 27 26 77 80 59 30 4 32 93 36 83 44 19 17 19 68 16 61 12 11 51 26 43 52 14 48 32 57 61 95 26 61 82 26 27 3 66 61 71 59 61 76 9 45 85 15 48 35 19 40 4 48 61 8 57 55 91 42 0 58 24 29 75 30 61 0 27 25 16 0 56 33 40 57 35 80 10 86 64 82 87 1 27 26 83 37 64 64 67 89 4 18 70 7 0 43 34 49 30 30 39 2 57 61 88 89 54 46 36
0 13 64 98 51 19 67 24 1 92 7 63 82 83 14 73 26 45 31 12 69 24 59 30 27 52 17 25 7 76 3 97 90 68 19 99 84 96 76 25 61 31 98 89 23 30 33 35 93 36 14 98 23 57 7 5 21 43 38 69 28 6 91 54 15 37 51 41 88 61 76 98 75 0 43 3 93 7 31 50 31 64 76 24 1 74 16 35 72 51 17 4 66 61 78 44 27 55 70 42 14 2 65 46 51 1 38 87 3 68 82 59 19 8 19 98 67 81 35 86 21 58 47 42 49 61 62 40 62 6 43 96 35 85 84 18 80 37 78 26 51 47 40 47 91 18 56 85 71 81 89 26 3 10 65 31 49 20 95 38 96 76 43 80 18 60 93 11 23 10 39 25 32 9 84 79 9 19 56 77 39 34 40 53 29 89 52 75 0 98 48 38 22 96 85 0 36 94
48 77 15 6 55 10 34 64 2 76 66 68 87 8 77 73 12 84 38 70 32 30 43 35 59 55 25 68 88 80 58 79 25 83 36 62 9 80 79 84 19 35 35 91 39 86 93 30 84 94 8 65 10 80 57 65 21 63 83 50 41 45 84 95 71 18 64 44 31 48 7 76 10 6 12 23 53 82 75 74 67 82 74 79 68 13 60 23 97 85 56 77 96 26 10 67 1 10 69 5 78 10 40 74 97 17 68 81 86 97 33 20 85 14 67 97 16 71 77 84 24 64 67 87 93 85 48 99 67 72 52 67 13 67 77 22 51 44 70 84 18 46 87 4 90 21 81 27 84 21 19 76 42 10 29 67 41 20 28 95 17 33 37 53 77 7 67 71 54 10 92 52 69 87 11 33 97 84 76 98 94 96 0 6 19 89 92 61 92 51 6 49 3 90 69 62 16 47
95 22 64 91 14 85 89 86 28 0 16 93 32 33 20 69 93 84 41 57 12 92 74 70 1 88 18 92 37 86 25 4 27 45 35 18 31 29 9 43 92 27 52 74 39 90 49 98 86 98 83 44 73 95 50 81 27 39 60 26 61 63 90 69 81 32 37 78 74 13 99 93 72 77 32 98 21 93 24 27 82 90 41 89 38 44 33 79 90 74 67 0 46 53 72 31 27 32 70 88 21 43 70 66 54 2 3 72 76 93 97 62 80 61 30 3 11 85 96 95 23 97 64 40 90 38 87 36 21 53 60 19 48 4 42 5 27 4 85 91 55 26 93 90 68 12 48 58 94 17 28 12 74 71 44 42 47 38 48 7 26 94 56 54 10 91 6 61 65 73 2 36 34 52 85 26 61 28 90 85 80 15 54 86 22 8 23 24 22 51 98 59 72 85 22 32 75 33
85 87 24 49 25 72 34 12 23 2 4 48 19 14 43 29 30 86 31 85 20 45 9 76 35 6 21 3 90 51 87 90 5 62 96 55 78 82 14 52 76 92 70 46 45 67 61 11 91 61 11 59 2 33 95 73 34 54 62 50 71 68 98 10 68 95 90 18 19 61 69 94 96 67 95 82 98 36 24 45 99 43 72 15 80 58 88 48 64 38 44 6 17 76 47 62 61 89 11 53 6 39 8 75 61 62 71 88 70 45 45 44 80 67 44 15 45 38 41 11 32 74 45 26 3 60 22 97 24 68 42 44 67 0 79 97 19 66 93 11 98 45 27 83 45 13 92 30 84 51 1 35 3 56 30 29 21 8 11 32 94 63 29 49 98 61 94 25 83 36 61 23 24 40 16 94 62 90 57 2 37 44 21 62 76 65 71 79 52 7 81 12 77 45 34 28 15 34
30 14 78 88 12 7 66 50 79 45 6 76 70 34 53 1 63 99 32 3 78 38 4 35 21 7 41 3 30 35 15 27 74 34 9 86 69 5 15 86 83 67 91 84 39 21 58 96 12 67 61 8 96 74 63 33 86 55 69 44 7 17 33 85 29 69 7 25 23 45 32 31 56 90 88 11 6 68 95 29 71 96 15 28 64 95 36 62 1 46 13 54 18 95 19 44 80 74 36 89 29 93 79 6 22 90 5 72 43 54 29 37 73 77 6 96 57 52 96 36 26 65 78 53 13 63 54 75 17 84 60 54 26 82 0 18 15 8 5 7 55 96 73 17 94 46 15 97 7 50 92 98 40 55 9 3 30 55 92 63 88 99 0 2 47 36 81 13 54 24 15 16 76 10 30 51 49 7 13 69 96 22 55 69 87 25 74 20 95 52 12 48 42 32 95 59 9 26
12 17 64 36 80 89 43 9 58 26 88 6 53 34 12 28 35 3 82 63 97 30 66 50 73 31 4 15 45 72 84 12 83 61 49 36 72 3 55 0 37 42 68 79 18 74 34 57 86 59 3 83 56 23 22 75 99 80 14 7 64 14 30 32 83 36 10 95 43 98 6 56 11 95 47 64 79 17 44 88 90 1 31 89 97 47 89 98 2 40 89 86 93 45 77 86 95 98 95 0 31 4 39 76 21 83 60 21 98 53 47 41 46 65 87 89 86 22 98 85 31 62 79 6 36 13 77 37 8 84 64 6 58 69 43 2 20 98 53 24 89 78 28 96 82 53 19 97 29 92 66 4 61 29 67 31 5 14 64 91 69 80 81 15 74 88 77 38 47 54 69 70 33 86 94 6 25 74 27 91 31 52 87 6 68 51 17 16 46 89 48 84 76 84 71 11 23 90
26 92 3 65 51 19 21 49 36 7 13 56 96 50 31 60 94 20 31 25 1 20 43 93 2 52 12 91 43 38 16 84 30 56 64 22 41 84 49 39 74 29 55 59 57 26 67 72 46 65 43 70 91 54 83 57 57 69 87 65 57 28 2 5 73 53 67 76 10 56 73 99 0 25 20 51 66 65 59 11 33 43 22 88 9 41 15 73 9 22 20 67 82 18 14 47 73 57 4 98 37 90 91 70 12 44 96 87 70 81 17 11 87 43 39 61 36 79 39 62 12 32 2 72 47 6 4 93 63 49 90 88 68 32 85 73 34 47 32 29 46 71 97 46 13 76 70 76 88 11 47 88 40 89 73 76 25 95 93 90 91 80 31 45 72 23 97 48 78 6 47 49 73 8 33 77 85 82 29 89 30 25 35 59 91 42 69 24 22 75 17 86 27 12 24 58 84 36
22 29 61 57 7 9 56 63 69 59 24 35 61 42 88 3 23 72 17 61 73 88 72 13 44 50 35 32 36 66 11 61 61 79 80 86 99 17 74 32 37 12 70 78 67 1 72 94 64 52 73 97 36 94 8 16 20 13 55 75 31 26 26 49 83 48 89 87 98 80 32 65 58 12 32 80 71 63 60 77 42 32 87 23 84 13 77 0 9 92 90 50 78 52 30 1 71 38 45 47 28 91 85 59 95 13 41 59 80 76 63 5 61 38 61 6 53 7 80 83 94 68 2 4 10 9 26 67 43 17 52 19 61 67 40 42 9 73 76 81 63 51 73 61 76 77 38 41 55 73 41 54 4 62 82 19 25 49 25 14 9 15 27 67 32 37 72 4 46 38 93 69 16 78 96 76 18 41 12 34 29 37 26 39 50 13 73 72 19 76 33 90 47 38 21 13 91 16
43 69 28 2 65 93 49 18 28 41 74 50 23 72 26 49 85 67 2 56 76 43 11 46 73 75 37 22 61 27 48 99 41 80 14 35 71 93 54 41 56 90 91 6 10 34 63 24 78 26 55 9 10 53 54 20 39 57 62 29 8 96 98 60 0 56 88 52 38 28 88 39 59 51 15 43 30 88 67 10 86 43 33 53 10 64 51 60 77 2 50 16 63 32 22 48 81 67 7 41 92 84 68 96 75 84 24 66 56 12 71 56 54 45 58 14 15 82 84 5 46 97 40 17 29 96 44 27 28 96 16 47 63 1 75 66 2 69 37 46 22 63 68 88 21 60 56 50 89 83 9 14 33 77 4 41 37 91 3 94 19 56 31 33 36 26 49 42 3 68 87 79 89 95 48 95 23 44 50 70 44 25 40 39 87 74 14 26 27 54 95 96 22 14 50 13 51 69
40 4 11 31 86 10 26 34 68 92 45 15 60 74 36 72 54 11 41 90 64 26 89 78 83 59 12 18 97 45 72 35 46 2 83 22 58 32 77 63 97 70 82 89 4 7 18 8 29 8 1 5 56 83 9 98 83 19 95 17 95 11 65 63 7 14 64 43 1 48 28 73 23 80 27 45 50 64 51 52 7 94 79 73 56 95 25 61 62 63 67 0 74 75 86 33 47 62 78 46 99 66 19 41 56 7 20 19 59 3 80 73 39 83 66 17 18 21 83 71 84 81 65 96 86 41 76 16 84 22 29 42 44 40 73 76 61 13 18 56 43 62 9 4 91 3 62 83 59 69 59 51 29 38 53 24 88 69 6 74 11 55 57 50 24 83 67 95 53 61 68 19 48 88 58 80 67 87 60 7 30 55 90 78 21 85 45 72 95 45 72 93 4 73 69 37 49 54
45 5 74 31 24 61 58 40 15 73 79 83 71 63 34 26 74 63 82 71 15 92 47 94 66 81 7 44 37 83 93 92 74 33 38 11 20 43 92 56 1 4 69 46 1 82 68 16 85 76 29 23 57 21 41 11 62 93 78 22 41 30 53 71 51 77 99 68 96 84 70 72 41 97 85 36 56 8 82 70 63 84 39 4 35 51 88 47 67 15 89 79 42 24 29 82 65 87 89 91 41 36 28 1 27 6 86 7 19 92 79 0 3 12 46 60 59 97 92 49 11 5 67 82 2 81 72 80 71 83 44 73 58 79 90 65 50 84 45 21 15 12 27 63 41 67 95 41 20 75 2 82 15 48 11 78 14 88 51 26 42 63 85 20 75 98 83 17 10 27 47 46 65 67 65 55 32 73 99 83 5 18 56 9 92 52 54 29 57 25 29 13 51 54 64 9 41 46
69 2 80 19 21 16 12 15 84 2 55 86 34 3 94 38 4 38 93 79 69 31 10 53 65 68 87 40 16 67 14 8 80 74 55 85 38 57 82 98 23 92 51 69 49 75 42 90 0 90 7 92 46 38 16 45 38 92 37 13 14 50 26 27 39 72 1 15 32 18 77 28 34 59 11 86 59 25 33 83 29 83 90 75 9 27 58 91 2 7 70 36 93 67 75 98 15 19 93 1 58 99 50 28 87 58 6 69 81 62 63 58 84 96 95 97 88 16 86 81 58 16 67 10 1 42 95 5 20 19 92 10 23 83 29 44 93 50 22 6 54 57 71 0 43 24 95 90 76 79 12 13 89 95 48 71 32 94 86 10 27 7 63 78 73 16 86 68 30 70 24 83 79 59 52 81 46 41 39 11 54 70 61 50 64 99 59 56 35 1 66 57 43 60 96 47 35 17
28 84 86 45 1 50 21 63 66 7 69 27 76 36 32 49 80 10 61 0 35 38 89 47 49 91 45 68 51 38 81 11 90 95 15 1 76 79 36 44 69 12 43 67 54 80 22 7 45 22 0 52 40 22 19 9 5 16 59 80 85 78 87 49 93 21 82 79 51 13 55 99 72 19 60 65 81 66 78 91 31 71 19 64 0 68 46 8 78 22 77 22 53 95 83 29 56 7 15 92 74 80 18 97 19 62 77 65 97 55 61 17 13 70 98 37 91 14 96 41 3 66 45 74 1 67 6 31 30 58 69 22 73 26 30 13 22 84 32 33 34 57 76 16 12 20 67 2 15 94 84 31 13 97 97 23 42 93 48 74 24 62 66 63 53 68 19 83 31 96 68 25 52 57 88 67 39 7 98 49 16 66 7 97 89 65 74 83 73 22 4 30 13 15 60 46 75 10
28 6 61 36 21 82 59 34 29 80 46 99 78 3 97 26 65 40 78 21 21 84 79 36 25 93 25 37 4 16 86 30 33 90 98 1 61 74 45 47 47 87 48 1 34 89 63 60 62 3 61 33 49 10 50 36 53 8 25 66 97 16 34 14 13 4 33 70 70 1 4 5 7 89 58 70 85 27 92 75 35 51 58 85 22 91 57 29 33 46 16 66 39 13 95 10 19 46 21 61 22 46 46 2 44 45 52 81 0 66 81 22 64 51 47 71 50 67 49 9 94 28 80 22 32 41 46 17 11 12 18 20 65 31 45 21 24 53 14 50 36 42 32 66 68 49 66 56 47 75 73 22 55 50 83 58 14 15 84 76 38 10 86 96 18 68 51 16 65 53 18 90 51 77 1 60 78 97 69 85 75 12 25 86 5 23 43 5 46 6 54 36 40 64 49 88 44 72
7 86 28 8 25 9 54 45 65 7 80 64 2 99 38 19 90 7 44 86 79 44 14 19 55 92 42 95 89 88 6 18 58 12 30 13 4 74 43 9 57 17 78 64 80 16 84 0 83 41 41 10 3 96 21 72 43 49 28 61 4 19 48 26 59 85 67 75 39 30 85 22 87 86 62 18 50 97 57 66 35 1 46 64 81 1 33 56 30 64 50 81 5 87 4 82 2 81 40 23 96 70 76 82 94 26 10 53 76 52 61 3 64 32 90 11 32 33 56 15 69 74 37 30 96 18 58 40 90 24 63 41 95 17 0 93 79 85 70 58 20 98 89 34 25 60 86 75 78 41 71 95 73 69 59 36 29 58 68 63 27 3 5 49 44 99 77 31 17 78 98 82 11 47 61 80 74 45 80 89 80 44 3 26 16 77 34 91 51 61 61 0 76 61 49 92 81 21
12 13 69 9 48 74 68 56 52 1 32 86 56 42 47 10 91 12 45 98 84 40 78 28 95 56 56 14 30 35 92 8 16 30 61 37 55 61 73 63 47 73 30 60 35 11 99 82 75 50 36 41 72 86 41 49 8 18 41 58 12 54 90 18 78 75 70 5 65 33 97 47 18 85 58 78 14 76 22 69 35 62 98 85 94 38 81 39 44 98 4 39 38 34 47 33 87 64 93 19 67 99 94 69 98 52 78 53 89 65 65 56 8 43 70 59 96 68 79 5 69 99 45 65 87 39 70 80 74 2 19 88 31 91 58 91 58 83 80 3 56 66 51 35 7 45 89 38 85 84 87 33 26 83 41 19 83 37 21 92 77 76 57 24 57 27 45 35 2 68 19 57 68 15 17 68 25 17 98 37 86 50 5 30 32 6 23 32 41 71 0 56 31 46 20 18 49 29
78 22 99 21 83 14 28 24 87 11 56 91 25 31 28 78 61 24 75 45 34 58 82 75 9 45 42 98 72 84 50 94 36 75 88 37 39 97 91 90 8 22 25 36 88 92 62 2 41 93 3 58 34 52 28 41 53 77 81 54 17 16 58 73 35 28 98 13 27 35 79 48 8 21 19 35 55 79 46 81 72 38 7 75 36 77 28 20 6 0 84 16 72 60 4 10 65 8 73 12 49 50 26 77 50 23 57 95 64 98 59 72 84 80 98 77 61 86 87 17 16 88 51 57 5 32 4 43 58 89 15 1 25 17 74 35 76 97 16 28 27 6 78 76 72 69 2 5 55 49 34 30 78 33 11 91 96 22 15 49 25 55 14 4 66 10 68 81 5 29 84 47 2 34 8 67 36 34 34 63 68 71 13 18 97 85 14 30 44 24 46 17 93 95 70 49 16 40
49 69 44 94 53 81 54 36 5 48 23 62 63 75 62 67 10 20 82 56 60 4 76 96 52 43 10 9 29 64 48 78 61 64 7 46 33 67 56 19 14 91 70 3 81 17 48 81 80 65 70 41 92 49 67 83 27 99 57 75 68 0 24 40 25 58 5 98 55 58 13 37 26 3 1 24 25 38 79 42 63 22 18 93 59 95 79 49 63 34 89 42 8 99 29 62 43 4 98 16 51 38 10 99 78 45 37 99 96 59 11 77 28 67 8 7 47 99 93 64 4 50 21 3 64 72 74 12 30 4 59 8 89 6 37 94 33 90 8 2 84 78 29 15 92 8 71 8 11 86 68 22 73 3 21 32 80 56 37 58 10 48 10 88 49 86 14 7 70 8 9 35 31 71 66 67 29 92 8 34 37 85 97 19 74 79 48 87 43 81 40 85 56 96 25 54 92 39
26 87 59 74 93 71 74 96 15 49 12 32 52 88 86 51 91 59 96 95 47 14 45 20 56 31 0 78 73 97 90 83 16 91 43 53 88 98 64 32 91 77 81 91 91 71 15 50 57 0 18 51 85 58 14 73 94 59 88 28 27 46 63 54 85 1 66 68 38 91 94 17 23 36 29 71 55 32 36 35 25 26 79 69 24 2 7 40 2 76 37 5 86 80 3 2 13 34 99 70 68 67 88 82 36 15 79 6 36 10 20 23 59 61 19 25 71 64 31 30 76 8 89 44 3 25 66 25 51 84 92 76 64 21 48 64 34 32 8 72 29 54 22 33 20 0 79 54 39 16 12 51 85 2 97 38 65 42 75 7 39 46 41 69 55 4 7 83 43 46 7 38 88 31 91 37 57 42 16 99 19 62 82 89 92 71 33 89 20 16 11 23 9 60 91 82 60 48
66 7 7 31 35 11 5 6 41 37 36 63 6 9 93 4 17 3 95 63 16 65 33 96 93 31 18 4 87 58 14 80 20 60 58 19 93 78 68 85 55 90 94 30 85 58 49 5 10 71 38 88 72 58 13 48 61 76 33 84 24 52 50 93 28 12 59 91 45 94 4 26 44 55 41 69 62 99 33 24 45 35 14 55 4 51 31 67 42 58 29 97 98 89 92 71 38 5 53 4 2 45 28 81 27 42 39 41 0 24 24 31 39 82 38 83 45 85 61 4 93 99 86 64 11 1 16 42 57 3 39 40 63 20 24 73 46 31 57 34 98 64 1 21 4 14 45 39 78 77 59 85 70 43 13 11 32 86 55 75 8 87 5 90 74 35 41 54 92 85 55 2 36 45 22 61 92 23 32 38 69 56 24 79 15 54 29 72 53 47 73 25 45 57 45 70 28 13
93 78 32 27 11 83 33 90 65 54 3 92 6 79 77 27 26 20 89 30 23 69 67 31 29 95 66 97 59 70 78 35 32 87 59 29 48 27 23 72 32 15 85 7 98 71 36 38 99 11 83 8 73 42 29 49 18 63 56 15 5 95 55 85 75 69 58 61 1 69 82 81 73 3 25 74 39 18 26 53 76 77 88 86 68 32 4 50 51 61 40 2 39 85 32 29 22 23 65 23 80 96 0 13 38 37 28 61 67 86 83 0 18 17 0 12 84 18 60 23 61 76 44 16 23 32 45 29 66 98 87 21 14 11 18 29 91 19 64 94 39 11 30 32 96 78 26 84 32 4 32 91 50 92 40 65 66 83 29 46 21 43 9 46 29 78 4 62 88 14 49 38 89 52 57 38 44 59 90 39 90 24 10 84 48 47 64 83 65 6 41 8 50 25 82 11 23 34
74 53 71 22 96 0 35 43 25 28 69 25 77 45 35 37 70 88 51 25 52 66 98 84 68 1 7 52 44 43 59 15 83 86 26 71 50 54 21 53 32 91 0 76 74 84 45 38 4 80 59 27 74 66 26 6 36 16 98 38 72 88 94 97 41 72 98 15 25 55 46 23 81 74 89 37 19 28 79 48 98 11 14 16 10 64 17 75 64 61 97 40 70 13 60 89 22 87 33 74 98 91 63 38 56 40 2 18 0 24 62 14 10 74 25 12 8 33 9 99 59 82 15 73 54 93 48 49 0 87 25 15 23 22 65 28 4 88 23 14 99 10 23 58 54 47 3 65 66 29 5 44 85 29 38 39 1 81 22 59 93 59 42 84 33 67 23 95 90 99 48 11 57 14 84 83 92 23 30 26 77 17 37 20 78 14 40 83 11 89 31 70 20 34 40 70 2 98
49 7 67 78 37 79 41 19 28 46 18 86 6 72 7 40 99 62 11 4 75 60 9 26 92 40 29 23 89 79 14 32 10 7 6 26 21 90 34 78 63 6 67 33 35 91 82 78 11 83 9 95 82 75 7 14 81 49 93 7 74 49 68 26 67 55 80 59 66 3 82 47 5 1 39 62 13 73 84 69 52 87 87 2 25 19 72 17 63 57 59 44 99 79 63 84 42 73 50 49 80 22 30 22 31 55 84 16 85 1 63 67 71 98 24 7 78 56 78 12 79 28 78 29 45 33 1 0 96 13 28 70 88 35 79 67 77 99 17 5 97 51 29 97 11 49 8 82 14 73 53 84 98 1 65 13 54 24 15 89 1 36 75 43 38 69 6 59 62 61 82 48 72 27 78 24 19 92 20 84 33 76 66 75 50 94 17 35 64 58 87 14 72 58 86 27 90 69
87 7 79 9 94 56 23 61 87 61 49 57 68 33 15 5 53 8 20 11 97 5 12 18 85 82 30 14 39 3 32 59 82 75 9 8 50 90 77 73 71 85 92 13 79 93 86 17 94 9 29 6 44 56 48 22 31 47 5 41 71 72 1 64 99 69 61 63 76 26 56 49 2 56 4 79 98 60 37 77 9 30 65 46 80 50 12 6 65 52 31 16 95 11 79 34 29 42 80 84 78 81 9 74 85 1 19 88 17 23 92 50 0 93 25 90 76 30 20 9 57 35 58 38 8 72 55 39 96 51 88 80 98 48 17 32 94 23 57 66 91 52 37 83 23 55 6 4 72 31 27 17 9 70 41 52 8 89 62 32 33 17 36 96 54 9 95 10 93 69 83 76 24 80 50 56 67 53 23 96 21 28 74 58 32 45 94 52 95 43 48 80 30 81 40 14 61 28
89 49 45 31 88 93 17 95 50 29 47 0 31 75 40 60 28 30 67 4 20 66 6 16 92 6 21 54 63 96 25 24 25 84 17 15 21 69 45 36 76 89 92 58 6 81 35 53 54 71 10 31 38 65 99 50 97 89 91 71 90 81 44 50 26 12 92 52 81 21 94 81 13 54 46 2 75 61 45 65 66 31 46 56 4 17 1 36 81 32 89 77 83 57 57 73 51 50 31 17 86 54 0 53 45 89 21 42 1 59 37 18 21 8 64 55 41 48 92 99 30 72 39 43 92 79 98 33 19 55 55 14 68 2 22 11 23 33 80 92 54 26 30 92 96 64 5 81 63 34 32 88 24 23 11 48 92 31 92 96 23 62 87 24 99 39 45 46 27 65 78 17 26 33 69 3 99 85 96 7 53 96 9 53 71 82 60 0 37 29 74 55 57 32 48 89 70 90
35 69 74 33 56 28 57 34 66 63 95 38 0 56 80 35 85 65 95 62 23 11 15 20 24 70 30 57 53 12 14 39 10 59 32 65 60 99 69 33 55 45 20 31 5 54 8 58 69 56 2 55 18 90 30 4 15 84 66 42 86 2 14 10 99 35 56 50 88 24 2 53 40 88 43 89 75 97 0 47 22 65 28 21 41 66 94 45 6 83 91 22 49 5 73 87 76 78 26 10 55 90 28 77 64 25 93 28 46 69 16 56 1 88 21 48 96 27 38 49 72 14 20 2 29 13 66 9 8 73 0 10 7 11 51 98 43 65 44 38 69 95 20 69 15 43 74 76 69 96 29 10 88 96 3 93 11 15 18 82 74 51 65 61 71 34 0 68 0 36 36 37 17 98 57 93 6 11 75 59 19 12 81 49 81 79 14 63 52 63 87 28 69 64 49 67 92 29
83 45 93 96 88 79 6 85 95 71 7 92 11 40 39 43 89 42 81 77 95 64 65 41 83 5 3 16 19 25 55 72 12 5 91 63 28 70 41 60 72 81 89 94 20 53 85 18 51 34 61 6 77 71 32 84 9 29 27 66 34 92 3 74 97 1 73 92 8 41 66 40 72 99 52 6 61 90 32 83 82 81 47 81 34 89 21 18 68 51 56 61 35 40 83 26 75 76 82 29 52 87 44 35 54 60 6 60 10 2 44 46 13 55 97 77 14 34 99 79 91 55 50 59 83 93 47 86 32 69 99 36 98 6 48 74 76 5 61 62 82 85 32 82 67 43 31 32 18 40 89 49 19 40 24 10 84 80 58 3 38 93 81 57 47 70 85 24 99 17 37 95 4 42 85 74 80 22 43 85 48 0 85 34 61 33 55 30 78 23 23 35 59 82 47 20 15 91
94 43 24 53 50 28 92 26 71 25 12 76 84 91 82 78 70 48 44 60 59 85 49 63 17 79 45 32 12 96 9 71 70 33 40 28 77 75 45 56 2 5 33 11 38 55 31 98 74 49 78 13 41 15 98 36 25 97 27 84 81 13 66 98 87 39 67 99 90 26 87 2 1 81 46 65 38 98 11 29 33 91 2 24 13 28 22 72 3 87 16 85 24 54 84 62 26 95 22 79 88 38 93 14 1 60 35 33 65 62 3 68 21 12 53 59 89 62 86 27 53 58 51 23 20 39 93 28 42 62 67 71 69 54 32 83 2 73 96 37 26 84 0 30 63 26 19 25 39 47 70 0 1 33 87 25 6 10 43 63 77 32 0 7 15 57 64 10 61 26 38 84 4 31 33 87 8 84 6 52 38 32 29 51 38 10 79 62 84 76 76 34 66 18 24 41 80 81
28 77 45 88 47 45 28 19 51 54 9 92 55 24 82 69 57 34 62 81 58 55 7 13 65 91 83 27 51 68 54 56 97 51 87 40 21 89 67 62 60 26 1 90 19 17 45 81 67 15 4 13 48 55 83 64 24 59 32 60 35 61 91 29 53 3 38 14 28 1 82 0 64 25 31 92 93 5 76 92 86 6 11 24 80 93 44 42 81 51 81 21 93 39 37 89 64 67 3 9 70 16 77 82 36 40 23 22 73 24 18 11 45 13 12 31 21 42 15 84 40 13 64 5 34 30 52 42 10 70 95 31 28 31 23 78 66 35 88 33 0 98 29 56 31 78 14 93 45 99 55 72 46 77 29 74 70 20 43 31 71 57 11 57 17 96 49 46 1 55 10 17 2 31 82 85 75 92 6 5 50 38 91 8 46 35 1 64 14 63 41 79 60 70 62 94 92 41
78 90 33 24 39 85 42 86 62 65 65 4 85 3 55 70 40 12 29 61 54 96 4 16 28 90 10 41 45 19 22 60 89 40 68 78 97 14 59 9 63 53 1 78 28 15 9 37 9 98 67 15 98 41 30 79 33 90 5 69 57 38 36 0 14 89 49 8 50 86 98 11 0 47 91 40 40 44 19 72 96 51 43 5 27 20 41 46 8 88 82 91 66 74 40 63 18 28 34 22 75 65 15 55 76 94 58 22 57 24 81 71 78 84 92 5 95 68 64 10 15 76 34 13 72 77 34 62 36 48 15 72 26 78 85 56 46 85 74 76 15 21 46 23 31 70 72 30 96 61 83 9 41 52 78 80 45 17 2 37 35 57 46 65 96 28 44 73 41 28 93 24 71 89 40 0 7 98 99 76 6 20 52 87 75 32 5 15 40 10 33 8 25 85 42 60 9 6
21 26 17 47 59 74 97 58 48 96 63 42 43 4 38 96 64 38 46 51 51 18 97 96 83 5 24 75 95 3 23 38 38 3 41 29 61 24 80 72 6 64 40 86 14 32 37 77 70 65 27 0 2 8 43 28 22 24 70 90 53 68 77 32 0 69 52 73 8 60 70 72 89 4 30 88 71 55 1 9 82 83 79 16 77 19 26 86 44 38 5 55 98 72 16 54 0 5 96 77 16 15 70 75 57 58 49 5 84 73 63 12 62 7 93 90 75 4 67 90 8 17 76 21 97 91 40 8 5 99 53 40 70 96 39 66 78 47 81 36 58 10 39 20 72 31 54 50 29 98 51 99 70 34 56 74 0 87 63 54 83 73 24 56 54 92 70 13 96 40 94 40 2 88 39 12 72 85 40 54 91 45 7 16 11 83 83 96 25 29 40 36 77 9 33 97 3 35
82 74 72 68 89 0 26 40 12 57 70 27 58 22 23 79 59 30 98 32 9 53 57 29 86 89 30 24 21 96 69 67 83 19 35 38 82 36 21 2 21 73 13 53 77 43 86 52 75 71 38 60 65 41 50 52 69 70 62 48 98 61 40 92 70 86 37 43 10 38 79 85 47 90 16 38 14 16 7 52 17 44 71 8 2 79 43 28 98 39 61 88 63 26 31 78 2 81 7 30 51 10 53 21 93 10 48 33 26 25 45 4 79 42 65 22 86 63 95 26 69 80 75 64 65 77 24 55 33 78 38 86 77 87 11 22 30 76 16 5 13 54 86 6 3 46 18 91 39 86 10 48 65 70 12 1 43 47 71 86 94 76 15 16 46 80 36 69 91 32 97 93 10 29 68 80 63 49 53 16 34 7 43 99 3 56 5 84 66 53 20 13 33 44 9 83 4 22
94 91 9 68 53 1 7 97 22 65 13 34 52 90 18 96 0 67 42 19 6 86 44 21 87 24 55 76 86 68 31 91 48 47 88 16 82 85 72 78 28 37 30 39 79 46 31 45 47 50 34 44 44 81 75 34 77 90 68 27 42 41 7 13 25 2 73 9 10 76 64 35 34 35 90 85 39 26 47 5 61 97 68 72 95 88 35 59 70 67 30 65 73 84 23 76 37 89 19 70 62 4 91 56 57 23 50 49 40 27 58 98 30 90 3 76 11 71 99 12 70 20 31 71 57 54 17 68 9 19 32 31 8 76 47 31 43 98 4 31 4 83 77 93 73 29 98 69 89 65 4 24 51 99 30 63 80 74 12 31 60 9 37 96 53 47 14 75 51 79 61 36 50 33 9 74 47 68 47 52 47 76 27 2 15 23 95 14 43 68 66 7 75 38 92 66 75 27
52 94 58 90 64 8 78 91 82 94 96 21 74 80 7 47 6 35 85 61 16 91 68 97 51 13 52 50 43 94 1 35 59 23 45 29 27 92 72 73 84 24 24 76 90 16 6 20 6 53 64 72 40 35 98 50 3 6 95 96 58 41 52 69 87 38 16 36 47 25 63 97 61 10 56 96 86 19 55 95 86 17 6 19 29 54 61 60 70 84 12 34 99 15 71 81 80 89 15 93 29 24 35 26 47 42 1 92 9 44 91 37 5 30 49 48 30 71 60 30 1 2 84 47 15 80 46 30 67 40 64 88 9 60 44 77 18 55 6 79 33 9 16 14 67 4 83 84 1 47 65 97 75 33 92 95 39 45 23 21 38 92 10 49 40 97 21 57 10 92 98 34 96 0 80 30 64 11 60 34 13 22 64 6 66 44 13 67 8 62 31 73 34 32 28 65 26 58
54 78 90 15 14 74 25 81 91 10 15 31 39 27 49 75 78 85 1 48 68 8 19 28 62 82 98 81 25 79 62 90 20 97 46 10 25 13 76 12 32 13 26 8 4 98 95 78 64 8 44 24 6 22 87 11 83 80 15 16 92 75 57 26 27 18 30 19 51 83 87 63 76 44 31 88 76 41 75 79 30 43 75 0 89 98 5 43 77 47 50 67 77 40 96 60 95 68 35 44 50 3 25 95 67 10 21 44 36 55 48 10 98 58 73 23 10 56 15 44 53 91 73 10 95 44 78 22 59 8 92 17 70 99 2 11 28 38 43 29 9 95 81 87 37 21 87 29 18 68 66 79 21 45 84 75 30 72 94 63 79 7 25 48 44 47 33 38 36 10 21 14 27 86 65 93 18 97 34 81 93 56 52 76 8 61 70 67 8 71 98 42 56 69 60 0 97 83
49 72 15 64 24 74 86 19 65 13 68 7 91 46 73 98 9 39 93 81 47 62 34 41 5 55 90 91 42 63 42 99 59 66 68 56 69 29 53 33 44 36 10 57 88 19 98 82 61 57 53 89 2 3 2 54 28 73 36 49 26 74 57 53 79 27 10 43 91 7 92 43 35 94 63 77 19 87 74 44 15 7 85 73 23 98 34 91 73 42 56 37 14 98 2 53 55 4 56 6 97 43 32 15 81 90 10 95 57 80 58 18 68 48 33 20 60 4 57 40 52 40 93 8 59 16 50 4 91 4 98 30 45 91 51 96 22 93 0 16 38 89 84 19 35 78 23 9 75 86 58 4 73 34 72 19 80 67 62 36 23 31 29 71 27 76 7 12 58 11 16 33 49 29 23 25 51 59 24 13 21 78 33 44 36 76 17 16 53 73 70 73 16 83 40 1 44 35
35 0 56 63 53 32 90 46 84 99 75 80 89 38 16 55 12 9 87 35 96 1 13 23 38 39 70 63 36 85 20 89 78 62 31 62 32 11 58 77 46 63 25 99 36 15 21 16 20 68 67 37 27 24 22 28 84 73 41 37 17 80 33 1 77 27 86 32 50 13 31 43 10 27 81 16 8 45 93 45 80 29 8 14 53 97 31 76 35 40 26 27 34 7 47 19 59 63 29 66 53 87 61 36 66 86 65 18 51 80 35 27 48 1 66 92 35 64 21 83 79 39 35 49 39 36 7 32 24 19 39 4 82 52 96 87 70 21 99 29 12 18 42 89 8 5 35 98 36 53 29 18 37 11 91 75 28 11 75 60 12 69 62 33 17 88 45 73 86 57 30 32 62 74 3 41 65 2 75 13 72 41 98 82 99 71 44 72 80 94 37 54 57 6 38 95 70 87
1 38 15 97 48 50 13 30 63 35 95 86 30 83 35 26 95 75 36 88 11 28 59 44 7 43 45 33 53 95 5 78 88 93 27 95 90 22 24 11 25 76 81 36 24 8 62 30 80 36 88 72 94 1 52 78 36 52 47 63 35 67 9 92 51 60 12 70 69 28 52 20 25 36 85 60 18 65 27 54 16 52 50 49 91 30 59 65 24 79 11 74 40 2 25 30 14 97 40 66 45 77 21 57 39 3 42 94 17 20 0 35 96 35 19 35 22 95 53 31 86 65 31 70 52 60 1 23 95 21 36 77 24 2 50 89 46 99 1 7 21 50 64 95 63 58 87 0 83 61 85 84 83 82 41 83 98 33 34 78 10 77 75 4 86 7 21 29 2 73 52 24 56 82 30 37 41 71 98 46 92 83 68 77 55 57 26 68 95 52 32 39 68 97 18 6 39 21
44 7 70 30 7 89 96 80 46 96 79 64 43 25 52 24 54 55 26 59 63 81 18 36 68 44 45 76 55 6 26 5 66 1 41 28 8 15 24 47 22 83 76 15 62 35 92 21 87 63 9 68 88 54 70 0 11 90 33 63 65 51 52 4 53 67 66 8 20 98 77 4 16 52 46 23 0 15 42 62 83 8 74 17 58 52 76 17 37 48 15 80 80 55 2 3 78 97 73 5 6 87 73 84 66 91 37 79 76 90 94 23 34 85 12 18 79 6 96 28 19 16 54 52 32 33 61 54 9 6 39 13 5 69 83 18 18 38 96 34 63 57 53 14 60 93 87 27 40 54 5 20 75 54 76 62 9 60 59 72 56 73 42 97 68 14 31 20 99 97 98 49 9 69 10 11 14 86 70 51 71 70 29 36 96 43 95 34 22 3 80 82 39 30 21 79 50 73
23 59 47 89 96 61 63 18 79 67 98 65 44 1 58 48 75 10 82 99 85 70 9 16 40 26 10 74 36 14 15 93 14 40 42 21 17 33 76 97 48 41 69 67 95 29 14 87 39 40 62 93 39 31 63 45 29 77 89 80 21 73 12 66 81 41 40 76 56 48 11 52 49 43 16 60 98 53 52 20 34 92 73 44 29 40 98 30 21 28 10 14 14 50 18 59 6 1 7 68 52 86 3 44 52 21 69 21 95 83 4 52 7 14 0 8 40 41 5 69 68 30 49 84 9 40 61 26 4 94 28 85 47 40 21 15 2 35 64 55 46 8 64 69 25 68 26 72 79 19 12 90 78 24 92 52 88 3 21 32 49 52 8 71 99 29 0 51 91 44 30 54 33 32 28 2 52 22 13 68 33 51 37 92 49 57 38 21 88 27 64 24 29 21 66 99 59 77
0 15 87 53 79 29 92 13 71 41 63 95 39 73 67 89 69 46 23 86 30 72 30 41 92 60 97 88 21 62 92 84 13 32 41 73 73 83 63 76 26 22 35 25 60 58 30 91 81 14 40 36 94 85 86 89 17 36 60 49 9 74 58 98 81 99 37 34 77 11 30 27 14 68 96 81 81 41 86 59 11 74 15 6 18 38 80 43 28 57 31 44 30 86 61 24 55 88 5 7 70 37 36 69 36 22 3 5 54 76 3 61 43 41 5 8 63 44 78 81 25 42 37 58 43 12 85 41 10 32 23 57 75 81 21 80 52 95 33 40 66 81 6 89 1 6 42 75 36 49 51 50 56 36 63 45 39 82 45 19 47 63 22 97 80 79 2 64 24 80 73 77 4 46 95 50 52 90 75 65 85 64 7 48 30 93 20 52 87 44 43 20 41 49 18 64 42 16
98 58 49 82 16 38 86 1 48 23 22 49 25 32 50 57 88 77 55 0 49 15 23 87 88 62 52 69 43 2 60 83 53 78 4 97 3 5 88 41 74 60 57 13 63 99 95 39 19 93 75 25 25 48 33 96 37 60 91 78 94 88 59 61 23 9 55 53 88 57 68 99 20 26 25 93 5 56 20 56 43 70 43 37 27 92 42 77 32 92 33 20 49 46 40 76 10 41 58 52 58 40 54 28 53 16 92 81 7 31 25 95 51 47 88 24 24 11 16 65 16 90 28 80 18 14 56 44 71 8 64 24 30 17 88 60 36 63 86 23 8 9 45 23 7 88 83 67 96 34 66 75 67 84 46 30 82 48 51 56 58 14 61 88 99 97 21 95 35 60 79 11 28 48 29 24 33 40 48 7 23 33 12 32 73 34 99 60 48 6 61 16 85 23 54 72 89 12
25 6 26 37 28 20 61 92 54 39 74 95 74 29 53 92 77 0 84 42 15 74 30 78 26 93 34 5 16 76 55 0 92 56 75 25 91 34 34 58 69 90 85 96 43 61 10 78 81 26 0 80 92 17 36 99 22 10 67 13 15 76 5 49 15 59 79 76 0 53 91 33 83 1 54 27 46 3 38 52 11 51 18 12 38 70 39 29 52 84 93 72 35 63 88 80 17 64 35 78 78 40 2 17 71 53 84 23 65 97 86 44 52 45 74 8 11 74 73 19 48 22 91 92 13 8 14 82 47 17 96 21 46 91 66 17 8 57 15 25 77 4 2 1 59 60 32 89 25 52 2 86 19 89 90 98 7 98 53 85 91 41 9 87 99 89 23 9 14 45 17 31 18 93 94 53 92 95 74 68 65 11 62 85 24 51 15 26 53 98 10 65 13 50 98 20 92 19
95 87 42 61 69 25 55 40 72 75 86 85 91 64 71 33 10 43 37 51 31 7 32 81 35 50 44 25 23 15 90 25 37 10 10 18 44 8 73 20 34 43 57 95 65 44 97 54 54 25 21 89 87 63 30 92 80 42 10 25 81 65 3 1 96 60 85 22 87 44 65 6 13 33 77 7 42 7 5 73 65 39 94 80 16 98 45 22 38 24 88 50 31 11 70 79 24 62 29 14 67 77 35 16 65 38 96 48 11 84 11 44 73 75 68 87 43 78 59 33 41 9 13 7 19 74 15 5 49 59 2 86 83 4 87 27 75 31 40 10 92 80 85 46 44 19 21 44 22 75 83 65 91 1 52 42 63 56 28 12 14 43 96 97 0 11 29 58 0 99 73 76 82 35 47 53 47 44 11 28 51 93 28 79 41 29 35 47 36 86 31 26 17 25 65 1 66 82
6 3 1 78 34 13 55 93 52 70 87 9 71 60 69 42 86 84 38 24 93 96 72 94 61 43 92 11 79 73 59 7 82 44 55 86 55 31 30 26 94 98 41 35 41 78 5 78 68 46 45 2 4 59 99 15 8 78 89 9 99 37 90 34 83 66 63 64 27 28 55 58 29 21 88 24 52 80 14 35 8 59 47 94 78 36 64 16 70 40 8 81 35 57 48 56 75 24 59 92 25 67 88 20 42 43 65 41 10 65 30 17 93 16 78 25 35 73 56 78 24 45 21 59 78 30 9 65 62 4 18 88 89 50 54 0 6 91 46 34 91 19 78 44 6 47 43 4 44 88 41 49 55 33 54 78 16 34 8 74 32 8 85 16 66 22 97 9 93 78 95 37 3 41 57 39 32 12 70 8 78 60 28 38 51 96 77 55 41 37 23 20 66 53 22 59 76 9
94 85 3 42 9 78 86 8 55 94 82 80 67 27 28 24 25 63 27 32 69 9 23 49 28 69 71 97 72 64 34 12 85 10 69 50 7 41 6 86 15 28 91 49 98 37 58 67 89 45 34 80 81 38 5 66 5 67 44 86 75 99 89 3 0 83 33 12 45 69 20 51 65 88 43 56 78 40 49 19 16 15 21 55 52 43 60 48 94 45 75 64 46 31 45 27 61 36 95 47 71 15 68 60 88 47 26 32 27 53 56 67 53 49 98 9 99 32 65 39 73 96 11 6 7 77 73 74 56 77 32 6 30 61 37 65 61 49 62 22 77 25 90 92 68 89 87 40 93 98 54 19 12 45 90 27 42 4 56 29 46 9 51 92 59 92 98 83 95 84 34 76 12 13 27 73 1 67 41 81 90 79 56 18 42 14 2 7 43 57 70 42 11 17 86 35 62 61
6 88 82 10 58 73 50 70 52 67 27 40 41 64 96 49 35 72 91 32 69 16 86 71 54 20 53 43 26 98 96 56 79 6 66 28 12 58 5 48 99 6 69 97 87 93 40 89 35 98 30 32 42 23 1 62 54 81 75 85 73 11 94 99 28 49 28 52 87 59 10 15 73 9 40 22 28 63 88 87 54 50 20 77 95 44 47 77 98 43 95 4 32 65 81 83 86 45 6 58 36 64 60 18 31 27 73 60 8 67 64 43 21 88 33 27 58 14 12 84 74 53 62 54 47 80 58 39 48 20 28 43 19 85 67 78 95 24 13 17 68 78 25 52 29 99 7 32 73 69 62 23 13 98 82 81 91 2 28 12 55 86 89 51 76 98 50 43 90 58 65 45 27 50 52 34 39 4 52 61 85 76 0 67 46 49 3 28 45 20 57 76 32 37 27 92 38 13
0 28 7 33 62 57 97 36 88 47 3 96 82 70 82 42 12 5 21 73 3 80 7 36 72 90 34 96 15 84 40 5 10 85 1 50 60 95 26 25 84 46 58 67 4 65 7 69 65 64 6 31 10 33 48 62 21 82 13 14 8 76 63 11 95 40 80 53 97 47 98 77 0 37 21 3 13 86 56 87 41 19 74 89 66 55 48 97 64 18 20 31 48 32 45 51 26 92 48 39 64 1 93 10 62 30 15 38 1 91 49 95 58 40 66 14 69 44 97 9 98 35 13 52 59 9 48 24 74 39 32 87 3 75 45 23 77 90 66 26 1 0 60 54 27 19 24 94 11 39 90 97 95 24 29 11 80 78 76 95 22 64 80 71 84 19 83 90 52 17 61 68 2 80 6 99 48 3 14 36 68 31 90 19 81 36 31 36 16 13 48 1 66 79 91 43 45 19
27 23 17 54 94 96 42 18 79 65 12 50 29 28 42 9 73 88 90 28 96 1 45 68 51 43 6 0 4 15 89 61 7 47 71 80 0 87 88 67 76 62 96 7 97 87 46 42 90 31 24 88 88 77 45 91 61 36 11 62 61 3 88 21 50 22 61 2 94 13 64 25 61 52 69 3 74 90 53 88 8 49 86 59 75 6 63 20 3 85 95 30 58 19 4 17 45 94 35 25 91 81 19 90 10 68 89 37 79 33 19 56 39 61 33 64 85 83 16 94 46 72 13 84 3 62 45 99 49 61 32 4 98 79 21 26 3 78 61 24 44 11 0 55 42 41 20 31 89 19 87 82 48 82 94 61 61 60 42 13 30 5 70 94 0 27 38 57 30 61 92 0 61 51 32 14 24 4 32 34 0 3 32 80 64 16 36 66 57 24 50 92 82 86 93 56 60 40
