65 100
33 81 60 62 71 25 8 13 83 40 84 74 86 94 65 40 94 18 67 34 40 94 19 55 12 7 24 22 70 16 50 86 51 36 73 75 92 64 10 63 80 86 75 6 25 67 53 38 0 19 13 69 1 29 36 41 94 10 36 78 59 35 71 77 96 73 73 93 65 37 11 15 52 13 65 15 65 45 72 63 54 92 17 90 1 85 36 53 88 61 2 91 40 32 79 65 2 7 79 85 33 23 65 28 32 4 5 10 17 88 9 66 98 56 33 9 9 26 43 71 16 17 99 76 48 9 82 97 21 17 46 79 41 10 61 99 97 55 95 58 49 11 14 27 80 31 88 44 85 24 35 65 56 75 20 37 46 84 87 27 89 64 30 54 10 92 52 24 83 17 0 62 57 56 26 58 10 73 47 52 14 53 37 7 94 67 83 39 17 19 68 78 41 3 42 40 9 79
48 7 51 94 77 62 11 0 43 31 89 75 2 21 86 81 32 2 15 48 24 14 23 65 98 85 11 85 15 62 44 1 82 58 57 45 33 72 24 91 86 13 33 67 5 90 26 73 60 43 76 35 59 79 95 52 77 74 25 43 27 22 59 41 21 83 15 12 91 73 68 98 23 3 39 20 73 97 24 62 98 49 63 69 17 71 12 59 90 83 92 34 50 11 2 9 80 50 58 57 15 43 18 1 37 82 57 40 3 21 12 33 96 94 17 77 58 28 61 57 98 8 95 46 2 94 99 92 64 75 40 1 27 88 93 76 57 85 78 98 66 77 54 85 37 55 76 56 86 87 0 48 95 56 1 30 20 36 46 84 2 11 53 28 6 73 4 61 19 82 62 92 76 89 16 20 62 86 48 42 59 88 16 62 58 47 70 34 29 2 70 10 69 62 16 95 38 16
71 90 92 20 3 57 91 73 98 51 6 77 19 6 5 66 0 45 54 70 69 3 57 48 50 98 64 97 30 8 67 31 42 88 36 51 9 73 28 44 83 21 92 82 32 69 73 66 82 31 74 16 66 92 11 6 87 40 85 91 92 13 12 76 87 35 70 62 17 6 27 13 77 62 34 73 12 27 51 14 39 99 71 51 5 60 86 47 23 47 6 46 77 69 85 38 13 65 16 25 2 80 0 87 58 56 10 97 40 59 72 79 52 77 51 7 4 37 75 73 73 51 51 80 24 72 91 55 81 13 10 23 72 42 89 98 50 68 37 77 40 99 93 70 14 58 64 9 18 74 29 16 67 94 84 85 1 78 41 91 34 8 9 26 78 77 50 95 22 7 43 40 21 16 73 69 16 41 49 10 96 85 28 2 40 70 64 63 15 2 27 33 77 53 61 0 80 72
68 46 2 23 73 75 10 88 96 40 56 30 96 43 28 88 57 66 13 98 19 49 45 48 19 11 86 96 31 21 42 90 29 30 63 13 20 96 28 78 96 2 16 56 30 72 45 98 90 57 68 93 87 80 91 7 13 55 57 94 39 50 85 96 12 88 42 52 98 95 70 26 59 19 68 0 1 2 64 20 98 40 83 9 15 56 70 97 5 58 35 51 90 96 56 90 16 14 79 98 5 74 0 10 10 62 24 92 18 30 80 83 80 41 65 40 77 13 14 24 15 34 67 22 38 36 6 11 33 27 54 39 63 89 96 83 76 66 25 86 99 42 53 24 58 17 91 84 84 35 90 67 91 60 69 82 35 36 88 5 61 99 11 98 47 38 84 31 4 13 45 3 8 3 81 32 32 35 33 10 44 14 54 35 70 52 98 35 40 75 82 10 71 52 40 88 96 37
80 46 30 31 89 31 57 51 82 28 6 34 95 40 50 27 83 53 85 63 91 72 53 26 80 34 64 99 15 72 23 60 72 0 63 60 18 24 86 14 66 29 7 45 9 45 92 42 83 8 9 47 33 21 95 23 67 12 88 68 51 73 95 69 96 58 30 2 94 97 58 75 84 66 52 76 90 4 60 51 81 11 99 43 30 80 72 78 99 38 4 32 65 79 19 41 87 72 63 50 23 59 92 72 97 67 33 34 64 55 76 87 62 90 39 24 22 43 24 99 6 82 10 78 20 76 93 83 9 34 98 60 51 14 13 86 49 61 71 25 1 53 56 26 65 50 84 83 71 70 46 68 97 3 35 36 5 83 35 77 35 72 69 33 70 17 83 6 91 74 97 80 34 90 70 69 46 81 91 6 34 24 41 16 74 49 54 96 43 44 41 33 96 53 24 48 77 37
85 63 44 69 20 86 24 54 44 51 25 39 73 85 32 23 12 46 91 11 49 29 70 85 36 0 24 4 47 83 88 90 66 62 99 43 8 24 34 82 9 18 72 44 49 30 54 43 68 10 66 81 4 95 83 61 50 63 78 61 58 93 5 7 78 41 37 64 62 54 59 33 17 71 76 0 44 43 97 69 57 27 62 14 52 58 1 28 22 83 16 65 42 28 76 13 37 84 32 96 33 39 23 54 21 2 56 23 44 1 44 91 89 66 61 75 30 82 77 70 44 58 75 74 67 26 9 36 49 55 87 73 54 83 48 28 38 88 59 76 79 6 35 49 68 61 68 92 26 85 10 45 17 44 19 21 92 40 90 83 47 31 12 70 24 16 76 43 7 28 82 3 10 53 97 19 23 60 94 11 79 83 80 12 15 12 98 78 37 54 27 62 43 85 30 43 86 24
8 56 45 17 8 25 37 77 97 44 10 86 69 49 31 68 37 70 22 67 27 36 96 82 12 7 57 27 94 90 83 88 90 53 44 32 73 92 22 54 71 30 59 70 90 29 0 84 26 62 12 60 1 59 3 90 61 4 35 40 52 8 20 14 4 24 85 50 3 67 55 81 21 81 82 89 95 42 27 72 83 78 76 6 86 30 64 35 0 88 65 86 14 48 96 24 25 65 85 19 34 46 99 90 59 58 14 65 34 66 26 46 85 79 82 53 87 10 74 82 70 90 67 41 15 92 38 91 97 57 17 31 15 10 28 71 70 16 19 60 11 65 63 8 97 33 74 43 65 90 65 31 64 81 65 76 75 94 80 56 64 93 18 7 5 19 49 51 91 95 81 1 98 34 49 45 65 97 17 95 23 52 39 89 10 9 34 59 0 70 47 83 2 97 50 65 4 13
8 69 42 52 94 3 49 19 68 6 41 69 71 66 66 52 4 65 41 56 11 56 56 59 48 98 54 89 62 9 43 94 39 65 9 89 69 51 88 43 48 99 80 53 66 22 3 20 89 28 44 66 62 45 43 98 21 91 25 44 14 44 51 0 93 40 72 58 41 87 95 73 62 6 15 13 95 89 58 7 89 67 45 98 40 13 28 78 80 27 28 65 84 1 65 80 55 64 86 90 37 50 36 43 89 17 59 70 7 31 45 46 61 68 51 63 90 89 69 64 76 28 58 52 47 42 18 37 49 9 57 99 7 84 33 93 98 81 55 83 24 50 52 34 23 79 23 5 36 82 64 29 2 18 96 30 97 72 58 92 20 77 69 9 21 56 12 49 89 10 60 90 32 99 37 74 75 70 28 40 23 62 50 41 36 16 96 28 56 26 99 35 58 9 8 38 85 1
25 81 31 20 85 59 93 76 12 90 52 15 55 75 13 28 4 80 78 12 38 83 58 24 1 54 39 36 16 33 24 70 56 63 30 66 55 56 93 10 32 77 97 87 69 8 23 5 69 17 24 41 91 66 50 62 47 40 9 49 26 50 19 58 55 17 74 48 26 5 74 31 82 7 19 21 41 72 47 50 32 85 0 34 2 35 51 56 81 43 40 99 36 5 58 64 36 58 14 24 1 3 5 45 42 28 22 98 28 58 46 25 71 17 27 56 20 0 41 16 11 82 53 3 97 20 61 8 24 18 25 19 30 32 68 14 89 59 73 5 8 67 66 93 86 13 69 15 59 1 56 88 9 58 55 29 19 4 94 87 35 9 92 57 44 89 82 17 83 45 22 7 1 82 77 84 45 95 38 78 37 83 64 60 17 58 70 79 35 96 5 57 20 13 85 6 64 65
12 94 86 60 12 57 35 6 83 36 25 87 90 93 47 58 36 52 53 69 47 16 90 13 47 12 76 20 38 6 94 81 86 27 79 28 33 74 99 25 67 58 14 80 99 35 65 79 18 43 75 12 46 53 55 19 71 24 78 54 32 23 65 7 94 64 4 65 14 86 61 49 21 56 86 19 8 32 58 86 30 5 2 58 7 42 35 84 12 44 52 45 65 19 94 40 62 51 98 85 65 50 77 19 97 84 13 99 76 91 89 95 0 58 82 26 96 22 52 88 3 32 77 56 71 22 73 58 77 66 38 49 11 69 12 26 52 58 95 53 71 99 70 41 37 52 68 99 96 59 7 43 21 9 13 70 54 26 58 39 94 62 0 76 92 94 19 30 1 23 47 99 47 85 58 34 13 31 17 50 15 29 48 11 72 44 87 63 22 23 71 11 89 10 31 15 47 74
98 67 89 35 61 17 20 87 89 48 81 74 80 69 78 72 43 41 11 24 65 8 8 24 9 57 33 38 55 63 24 83 61 41 58 88 82 90 13 18 63 51 10 89 41 93 25 13 57 77 4 47 42 0 53 65 70 62 57 47 13 66 36 81 24 47 95 5 26 84 64 28 35 61 20 39 92 14 72 39 63 75 38 84 38 15 24 99 61 28 40 61 67 60 5 84 42 96 92 36 61 39 37 39 15 71 47 29 96 34 39 15 6 17 58 54 52 91 5 30 58 3 84 23 86 41 3 92 79 63 40 16 61 13 11 7 59 77 45 35 90 85 12 55 19 69 90 8 69 15 68 40 11 21 35 2 70 96 49 29 98 13 5 22 89 34 27 97 52 36 40 50 86 63 20 32 94 22 41 8 31 41 46 61 92 61 73 8 12 97 56 15 89 76 1 55 44 71
48 49 32 0 99 38 11 82 88 52 67 96 95 40 83 78 83 95 38 54 39 10 41 97 93 59 62 50 81 40 25 72 73 38 55 47 92 12 38 30 88 16 61 83 71 58 66 79 90 46 97 78 59 17 43 9 25 1 26 27 21 78 67 18 75 2 40 91 87 96 91 43 42 45 72 35 77 25 9 37 25 51 1 79 23 2 39 98 28 74 61 65 6 53 40 38 6 60 29 34 42 27 33 2 84 2 4 25 86 54 69 87 85 95 10 45 71 5 52 75 57 31 92 23 8 95 7 15 91 87 6 38 15 43 29 1 95 55 49 80 13 79 86 22 3 68 0 94 81 3 76 45 2 28 71 55 99 2 81 24 1 94 63 19 64 21 13 56 72 44 38 82 59 87 43 62 78 20 94 36 6 70 57 36 27 2 91 63 7 89 44 46 38 94 49 36 49 14
29 62 24 89 42 89 88 3 77 51 14 98 2 64 12 88 34 37 23 89 94 1 47 2 85 78 43 36 11 71 90 22 44 95 51 89 97 5 9 40 24 93 96 66 83 8 78 54 5 89 43 49 86 35 60 26 87 66 50 37 25 7 94 41 27 89 91 99 63 74 50 72 72 47 80 4 79 75 56 0 23 65 57 89 20 81 28 77 33 63 82 97 31 18 91 54 16 46 58 52 35 11 49 14 80 83 19 71 81 69 22 36 10 52 2 52 67 92 50 85 83 59 44 71 23 53 8 96 98 5 72 14 40 29 19 74 39 95 13 24 76 80 72 96 31 94 98 92 65 61 75 89 38 70 50 29 14 3 6 3 83 21 80 15 45 80 84 75 88 7 16 73 16 51 19 72 82 68 76 69 56 82 38 74 52 26 18 71 55 80 17 8 68 48 30 49 0 32
14 83 27 70 39 66 68 66 22 80 58 80 81 35 88 48 47 60 76 80 20 55 62 70 98 88 7 93 95 93 60 15 19 81 23 43 8 15 4 50 30 43 41 93 60 52 73 85 33 75 65 93 39 81 15 59 99 17 46 59 99 21 87 14 18 34 33 99 3 43 6 86 18 94 18 85 92 54 33 80 4 64 34 75 65 36 5 3 86 34 86 26 55 37 3 25 72 88 7 16 8 1 93 47 29 60 63 34 73 61 97 51 71 65 29 84 18 89 54 14 34 60 74 75 7 56 77 69 28 0 97 0 10 31 24 75 64 68 15 53 2 53 45 63 57 4 67 68 78 18 65 13 8 10 40 88 67 91 65 12 86 77 47 14 38 8 90 76 88 66 71 82 44 95 49 66 66 55 11 8 96 33 9 7 99 32 0 95 83 79 3 64 70 15 43 42 29 88
8 65 42 65 16 79 44 48 18 58 20 47 54 55 11 85 82 27 24 26 30 78 36 85 80 72 19 21 89 22 58 80 17 75 20 35 73 49 49 76 45 80 97 85 98 80 76 4 23 89 36 25 99 60 87 96 54 49 20 2 20 34 62 1 54 90 94 44 33 63 5 1 71 16 93 29 27 96 30 73 20 96 56 46 23 92 96 95 60 10 9 34 19 50 53 86 8 74 35 32 1 53 3 35 57 41 89 80 31 39 97 52 90 57 39 0 1 80 51 20 83 49 13 12 49 61 69 98 57 58 32 94 38 22 11 17 74 76 34 24 87 68 1 50 16 60 36 57 66 55 6 73 49 32 61 59 84 76 96 91 94 28 2 46 15 57 39 83 44 14 62 67 40 92 28 63 49 93 9 77 99 64 46 88 72 81 30 37 58 70 7 72 12 47 1 60 43 10
21 31 86 28 5 2 52 28 66 11 37 97 52 43 45 33 8 79 10 8 73 57 38 3 45 55 27 8 11 0 14 65 80 37 17 50 32 53 81 83 5 87 51 30 31 34 10 0 20 87 35 37 39 5 8 32 30 13 12 25 18 63 21 1 39 99 94 99 40 32 20 7 88 65 27 77 37 73 56 63 33 89 23 75 41 51 42 73 29 57 22 60 54 79 81 93 16 58 70 99 82 83 4 68 91 92 13 34 87 25 55 98 93 96 91 19 95 19 84 61 51 5 65 48 69 23 99 52 72 92 69 93 78 17 32 39 49 46 81 64 3 8 91 61 5 64 87 50 16 97 25 47 85 43 24 90 64 90 4 56 39 9 20 36 92 87 49 29 56 32 5 76 59 76 71 13 1 6 26 92 11 15 74 31 37 40 32 44 99 22 62 64 40 45 92 67 65 44
2 72 88 38 15 60 27 13 46 64 42 0 7 62 79 41 66 39 86 45 28 85 83 98 72 76 98 77 87 57 69 68 21 18 19 3 6 23 13 83 73 19 98 23 77 64 36 47 56 18 85 49 19 30 4 23 43 17 43 81 61 36 34 1 90 59 1 6 61 22 89 14 44 50 98 48 69 24 33 86 57 5 19 67 22 2 2 51 92 23 44 95 6 32 49 62 31 42 88 66 9 13 66 49 41 95 54 12 8 87 58 65 35 1 6 65 61 96 71 8 57 45 61 14 29 73 41 19 26 43 59 39 20 25 15 30 29 78 92 10 62 36 73 66 39 55 55 94 71 25 43 98 21 57 87 84 12 64 11 66 49 23 21 68 97 16 62 40 80 43 53 82 22 74 22 82 74 63 57 49 6 99 37 45 85 0 51 52 72 93 16 45 4 70 91 36 19 75
74 80 29 23 69 75 44 12 65 60 3 81 24 10 87 22 70 27 47 88 86 17 69 89 67 62 17 46 4 43 67 5 21 7 57 97 15 88 11 76 65 51 44 35 92 75 18 46 0 65 96 46 5 94 53 36 23 96 81 51 4 68 14 1 11 50 17 38 27 5 94 40 24 52 51 79 95 7 91 39 85 32 88 94 16 55 73 94 75 41 34 6 81 42 57 86 30 73 97 82 67 14 64 92 8 88 93 92 72 62 9 44 85 59 10 58 75 14 7 71 99 45 18 84 78 63 74 93 94 32 4 36 31 79 70 37 92 71 20 27 17 75 54 16 63 73 39 38 79 33 45 27 20 49 35 98 56 86 70 48 34 45 16 83 61 29 98 67 90 0 13 98 75 52 34 26 68 22 3 94 13 16 66 76 35 4 2 99 17 19 11 13 77 92 28 63 35 25
60 17 33 38 26 79 4 99 60 99 8 32 85 8 54 25 77 5 16 23 20 26 97 22 63 4 60 48 56 12 14 45 29 61 96 67 53 89 30 22 8 44 38 80 57 59 27 54 71 99 48 0 73 94 3 40 32 59 15 12 6 56 26 10 50 32 12 4 99 64 41 39 70 78 74 35 6 72 53 15 13 84 31 79 28 84 74 68 65 44 11 94 83 51 85 21 94 13 88 47 40 6 93 58 16 72 43 80 38 96 39 91 26 90 99 22 17 37 67 12 67 35 78 42 24 41 62 31 76 82 2 32 45 49 40 86 89 34 69 11 95 66 76 40 60 87 67 85 53 61 12 1 73 9 98 53 32 39 85 73 76 75 66 99 78 46 36 4 83 26 9 49 71 58 20 32 52 20 77 8 81 8 43 7 92 71 18 61 54 99 42 12 71 55 32 19 88 8
96 38 23 59 43 74 97 65 0 17 27 63 86 28 72 7 72 40 42 83 61 21 31 34 27 87 74 37 23 79 81 74 69 12 90 79 66 40 27 47 21 94 96 73 48 4 51 26 0 93 27 11 95 63 55 27 99 23 23 31 54 50 21 71 3 19 86 32 62 79 15 31 35 20 5 71 23 0 10 61 53 7 80 49 25 20 76 88 28 13 48 53 52 91 26 10 64 99 19 9 57 16 2 69 58 67 27 7 60 83 85 67 35 75 54 1 76 67 23 19 71 22 71 43 36 8 96 25 30 54 77 84 14 9 68 86 9 25 52 6 24 25 92 19 68 58 65 70 54 36 27 52 39 33 29 91 80 9 52 33 14 77 21 98 44 75 45 31 23 21 65 83 83 46 27 19 18 53 27 86 2 9 54 63 98 65 20 16 56 52 82 20 46 41 78 24 82 89
88 95 57 2 30 57 24 40 62 73 39 88 4 3 17 91 45 61 18 51 19 11 88 14 88 62 89 67 94 39 46 43 95 30 94 1 50 14 41 88 47 87 14 37 10 31 82 8 54 31 33 52 28 29 15 22 13 74 21 32 75 54 27 13 18 54 71 70 53 95 38 88 64 61 48 5 26 71 13 59 25 93 51 81 4 40 87 30 91 66 33 34 26 97 33 94 30 9 77 10 3 99 63 14 85 59 31 7 88 55 90 18 98 0 18 64 51 15 86 18 29 41 35 83 70 94 29 21 12 10 85 93 89 82 48 23 68 44 80 78 58 10 84 51 42 14 18 59 83 64 89 92 28 72 48 62 95 59 95 92 79 15 0 95 46 87 20 95 60 94 76 51 22 56 19 74 40 59 29 65 38 36 69 62 66 37 49 50 68 74 6 79 78 76 42 96 16 22
45 43 76 93 53 82 22 77 18 78 61 16 92 52 17 0 17 20 93 85 56 54 40 11 16 21 67 38 99 95 62 85 13 73 35 40 91 26 14 10 64 96 32 61 53 99 1 92 46 39 69 55 41 98 85 37 30 92 84 44 48 80 2 1 32 42 55 45 1 70 63 91 8 17 56 44 4 3 6 4 46 87 16 69 81 3 59 5 31 48 74 24 88 79 7 39 94 46 34 25 22 91 23 48 64 68 10 39 98 67 71 72 18 38 59 25 28 97 21 2 86 96 59 0 53 0 67 39 77 58 90 46 74 44 37 95 66 69 91 61 40 16 74 4 99 3 53 51 0 16 95 15 60 99 29 66 28 69 71 17 73 60 47 25 32 83 12 28 36 67 59 68 50 33 53 19 9 33 65 92 34 57 43 89 94 27 95 80 9 46 79 15 39 75 53 67 68 49
35 66 32 86 67 25 35 33 94 92 8 44 88 6 37 30 86 9 4 43 47 88 78 34 72 99 94 88 23 61 43 40 59 64 75 39 61 8 84 28 36 7 42 65 8 13 67 53 83 29 28 17 24 5 88 35 81 7 59 3 75 73 12 83 1 80 58 25 21 33 32 98 91 41 72 82 44 62 9 45 19 99 49 94 34 32 35 99 99 25 25 95 41 81 59 9 25 74 19 18 98 90 79 80 59 80 7 48 97 63 20 21 9 71 9 75 69 19 11 2 80 37 16 14 26 99 74 59 51 16 60 68 7 93 33 7 76 18 63 52 18 4 57 61 68 10 88 70 33 56 85 50 27 4 53 54 0 75 96 7 58 52 74 8 86 22 80 87 62 42 83 5 31 84 11 39 89 88 29 95 55 5 15 63 38 22 46 88 31 88 78 60 18 50 16 20 58 77
8 95 84 59 9 89 70 72 31 30 79 45 17 69 41 63 44 77 78 55 34 89 4 66 35 89 29 48 94 76 56 96 50 70 1 70 86 60 41 16 97 10 77 72 34 49 12 14 67 16 13 20 0 81 53 11 99 53 10 33 53 87 74 47 69 58 48 96 14 62 47 90 66 23 32 52 85 65 69 96 96 12 76 27 57 75 55 48 49 93 86 72 2 51 89 12 76 9 48 6 15 13 43 54 26 7 11 12 81 99 58 30 78 71 91 28 71 61 16 72 46 97 26 59 89 2 58 64 13 76 29 40 79 12 5 76 73 5 21 54 57 24 88 11 74 96 23 39 37 66 25 69 98 58 12 82 91 52 29 57 18 56 30 68 19 87 97 34 83 28 38 42 20 8 59 89 66 25 28 89 59 85 92 11 91 36 70 21 3 10 42 59 25 22 80 90 30 72
65 31 96 67 28 5 52 4 75 95 28 55 63 12 14 22 98 46 7 97 87 73 12 9 57 85 4 56 85 80 2 35 67 81 35 8 30 35 73 25 4 14 29 78 6 23 59 86 16 53 25 47 2 34 68 81 80 37 14 45 7 54 9 75 16 12 99 62 5 51 41 9 7 75 97 15 48 7 38 8 43 81 8 92 49 95 76 60 22 79 50 32 26 66 17 41 31 9 31 33 14 9 27 75 85 28 44 29 74 88 57 1 28 43 66 56 62 9 82 17 72 80 58 4 65 89 77 98 13 31 0 64 24 14 70 80 77 21 33 42 93 9 2 85 11 76 69 44 74 61 18 31 72 19 57 3 89 94 85 44 25 84 64 2 60 65 6 14 20 25 43 71 84 48 32 40 83 6 74 90 25 86 12 39 36 79 91 80 28 9 10 17 17 21 7 40 75 74
42 8 48 61 93 10 26 67 2 81 10 35 3 48 65 48 58 17 12 68 28 58 62 83 62 69 94 62 63 75 62 45 81 79 13 7 54 35 23 42 4 17 88 99 78 0 25 93 47 74 73 56 96 47 55 97 87 39 72 80 9 64 16 60 90 88 65 5 44 83 1 95 53 36 62 34 84 17 75 85 86 40 38 21 78 46 43 40 71 38 66 85 51 65 36 50 61 82 55 91 90 83 46 19 14 85 50 11 44 52 61 32 90 54 78 42 97 13 50 83 90 41 37 9 16 53 47 36 25 33 69 87 1 0 34 92 70 52 98 17 80 62 8 31 72 29 78 67 36 86 52 85 6 16 22 40 35 37 80 56 97 79 49 96 38 36 89 84 68 80 68 4 27 89 77 70 61 24 30 96 57 10 13 1 18 44 20 49 43 76 83 0 65 56 15 52 2 59
25 33 13 95 41 35 1 51 60 13 25 94 27 42 57 71 99 62 92 73 67 0 48 90 90 89 22 57 35 10 21 73 69 70 33 93 65 86 50 64 10 80 28 16 82 12 14 25 95 33 38 43 82 54 81 43 75 18 22 37 50 33 44 98 66 87 39 91 34 84 80 19 73 32 94 58 76 31 95 18 44 68 4 12 2 84 47 27 76 61 49 10 55 98 84 16 16 12 39 75 86 18 73 18 74 28 22 18 6 83 53 0 89 8 5 50 80 18 88 78 79 36 72 20 16 17 19 59 69 72 63 54 95 43 48 25 18 62 44 24 68 9 83 14 72 23 33 3 31 50 44 12 94 79 16 26 24 85 95 16 40 3 44 29 3 97 78 50 16 72 70 52 8 7 34 11 77 16 16 0 27 16 56 57 45 28 96 80 54 51 87 42 82 46 30 78 11 15
4 95 38 68 29 11 32 56 22 44 80 48 93 67 22 60 54 11 23 34 39 3 24 88 22 66 64 84 78 96 92 18 66 0 59 30 18 78 20 4 94 45 86 17 41 74 97 66 81 18 9 2 4 40 22 6 26 3 59 77 44 16 72 58 40 42 64 45 9 51 63 64 25 50 19 22 94 8 56 35 79 58 81 73 41 18 72 62 38 47 99 57 16 34 13 1 76 5 88 72 94 53 44 88 5 14 49 57 9 52 36 82 15 64 4 90 50 89 50 56 44 69 77 7 41 75 16 91 43 4 10 75 93 68 94 74 83 6 9 65 41 61 50 98 32 82 78 38 41 88 27 2 87 34 28 6 86 87 21 60 22 54 74 5 25 12 94 4 65 74 70 75 41 77 46 33 45 85 32 44 64 46 56 31 57 6 30 39 64 71 11 13 72 55 56 37 32 80
7 61 54 98 70 36 32 29 16 94 26 59 39 50 85 64 65 88 21 23 44 3 86 18 64 80 96 63 52 88 84 31 92 59 17 44 78 66 35 85 95 62 51 41 75 7 72 91 32 50 67 44 22 82 44 42 50 43 80 32 19 9 30 57 46 32 70 68 64 12 77 55 1 79 80 11 69 24 18 92 71 32 49 73 78 80 29 0 64 88 49 92 31 49 13 32 21 97 70 65 5 10 55 59 6 70 67 10 24 67 78 2 29 9 20 67 35 89 29 28 34 65 4 42 51 60 75 55 53 78 35 47 55 1 13 95 83 90 58 40 81 55 78 40 66 14 30 22 43 99 75 64 32 8 45 99 84 37 75 27 26 48 93 32 26 72 56 74 25 82 32 44 18 90 56 46 23 22 78 15 15 38 51 2 16 24 76 22 32 54 96 22 22 78 33 23 87 30
51 9 10 78 98 63 85 95 99 36 21 64 19 25 61 72 3 77 83 41 46 91 73 43 48 60 53 28 59 13 93 58 59 47 3 64 55 59 76 41 45 28 98 97 84 30 59 86 76 17 64 41 3 65 64 26 67 63 27 22 74 51 63 6 10 4 38 86 7 1 29 88 88 10 48 44 8 27 24 17 63 96 98 64 63 9 7 14 24 81 91 59 4 5 92 24 63 86 5 16 94 76 45 37 95 78 71 70 61 97 98 70 35 33 73 78 4 68 26 31 89 31 15 32 50 4 3 36 84 80 50 2 97 62 9 60 39 51 4 86 40 56 87 57 3 54 98 45 64 93 62 0 36 79 41 40 23 95 15 90 98 33 33 42 49 45 75 77 69 16 8 68 86 20 66 1 34 76 19 96 1 35 62 11 53 30 9 57 49 12 82 16 15 16 18 3 52 69
5 77 95 34 13 79 37 58 53 63 62 17 69 43 72 40 45 33 17 65 3 78 11 77 20 19 98 70 23 12 71 1 85 65 32 29 47 3 59 34 82 17 55 41 93 82 50 82 87 46 84 91 15 11 1 97 96 57 38 17 28 17 13 38 40 87 58 96 83 86 92 40 1 38 89 47 60 41 42 61 77 16 88 72 81 29 30 32 62 90 1 88 62 66 44 54 39 70 75 76 2 45 10 35 36 45 8 11 28 99 69 66 4 64 95 11 72 10 73 88 72 68 45 6 26 28 98 72 64 48 53 98 1 80 92 21 56 50 10 57 0 48 12 47 49 70 17 31 55 42 29 5 22 84 67 87 38 52 45 88 45 94 1 42 25 45 83 75 12 72 77 88 7 67 40 74 64 83 19 83 24 4 51 44 13 9 12 83 27 99 44 23 33 14 18 5 3 22
41 95 81 33 10 35 93 71 27 48 39 58 93 2 9 25 99 84 65 10 68 73 93 59 48 45 63 73 28 94 93 72 86 90 1 69 12 54 42 57 54 89 83 64 40 34 6 65 85 70 7 99 16 29 30 16 10 72 3 62 56 5 87 39 99 22 48 60 0 22 0 63 89 56 19 93 77 97 81 20 0 36 33 68 52 25 49 48 62 1 28 73 58 10 54 73 74 20 76 37 38 82 80 41 4 43 72 57 2 55 67 48 13 9 79 65 91 96 66 39 23 79 57 18 21 14 88 73 78 30 68 11 75 48 35 44 25 15 60 51 10 16 58 77 79 53 41 46 88 8 17 59 68 92 25 39 81 96 90 27 40 73 99 31 82 61 26 21 24 62 76 25 41 75 24 47 63 38 64 21 10 48 88 21 50 73 40 70 48 1 32 80 40 58 1 98 43 87
36 51 42 15 46 15 81 97 77 91 91 43 29 77 37 56 54 47 27 16 18 12 17 15 22 39 67 25 84 86 17 83 56 12 34 35 1 50 16 68 11 33 75 82 95 52 38 49 94 87 59 43 28 5 32 48 17 48 14 21 19 46 46 99 81 17 3 74 57 45 54 87 89 73 6 48 41 90 21 26 30 12 46 33 63 77 72 36 22 3 95 91 39 36 41 24 70 80 69 9 79 87 41 55 86 63 17 72 44 64 31 67 41 32 8 34 23 95 93 71 88 21 62 61 58 10 60 21 28 40 41 57 1 13 47 81 13 15 77 9 17 77 44 77 92 77 0 47 28 44 21 46 7 56 85 20 76 2 73 46 24 66 56 19 72 10 98 12 18 53 4 75 38 34 71 95 82 17 61 16 29 96 94 20 43 70 65 67 48 67 46 78 36 16 12 38 76 61
15 48 70 1 11 49 71 97 99 44 42 70 6 80 61 30 45 23 87 13 96 98 12 83 34 52 47 89 92 39 91 75 71 77 57 78 83 70 83 2 73 56 41 25 4 40 33 39 5 39 25 58 55 50 46 45 65 55 14 71 98 32 78 62 19 10 52 39 59 98 70 86 82 76 79 39 33 81 94 92 33 0 26 85 93 41 71 88 32 80 66 67 72 46 91 24 87 68 7 93 27 13 54 22 22 31 10 63 30 43 6 51 80 61 78 60 70 61 97 80 27 69 42 85 39 57 13 97 82 83 44 90 56 80 41 21 48 20 65 49 29 25 6 64 20 74 64 38 82 16 35 37 65 22 16 8 70 17 18 39 48 97 66 47 36 88 90 5 84 0 32 53 9 47 55 46 89 32 56 4 10 41 24 22 10 80 95 12 35 89 5 61 3 10 65 28 49 35
20 65 26 32 91 96 68 62 78 36 70 17 29 61 20 92 36 48 81 25 46 13 52 70 63 80 34 63 26 2 20 23 83 70 55 7 23 0 74 95 69 40 52 20 39 64 63 24 10 44 56 38 98 14 3 77 21 65 30 46 13 99 8 36 65 26 49 70 78 25 50 73 94 79 45 77 22 93 28 83 14 11 70 87 64 62 86 3 53 82 48 19 52 82 16 28 88 60 76 2 99 75 18 89 78 22 25 4 85 37 66 37 9 22 78 77 63 62 74 67 47 20 71 92 6 8 33 8 2 54 71 58 53 35 79 71 29 95 7 97 46 52 96 44 15 72 33 64 95 98 57 69 20 41 62 43 8 59 88 67 31 83 51 5 26 42 26 56 69 65 15 29 1 99 65 8 65 37 15 12 91 13 75 27 7 62 50 20 95 20 89 17 84 82 90 52 3 51
94 24 91 92 30 73 10 0 74 79 92 78 35 2 23 97 55 36 27 33 37 20 86 65 41 30 45 5 83 24 28 13 27 82 93 21 72 4 80 15 56 87 51 5 26 71 16 8 36 96 84 16 82 75 27 14 19 60 71 10 25 52 42 66 4 91 44 50 35 84 53 31 59 44 74 96 49 0 12 37 11 10 60 25 1 49 19 17 98 66 31 94 68 39 82 10 99 66 96 58 46 94 53 40 3 40 6 77 13 85 0 77 91 10 5 39 73 54 93 24 84 91 31 73 10 56 68 76 57 12 60 24 73 86 84 44 91 85 14 30 18 57 64 38 21 48 27 43 33 12 24 97 5 73 88 33 70 53 62 27 34 96 80 70 47 23 6 67 89 69 7 41 81 82 91 32 22 40 21 9 29 18 95 54 54 64 63 64 96 24 56 61 69 73 42 73 90 76
18 15 59 38 46 24 54 49 56 21 73 92 26 89 24 35 3 20 6 54 83 48 21 14 79 91 55 11 27 87 26 20 98 72 35 42 99 38 45 67 45 40 2 96 16 57 40 73 62 26 54 75 49 65 73 11 53 13 10 61 72 66 32 48 4 41 21 68 54 97 86 77 68 31 88 13 6 69 83 0 23 40 74 43 20 8 28 26 13 95 32 57 98 84 40 52 37 62 57 9 35 21 93 35 38 29 76 95 79 18 13 79 88 80 80 48 38 66 62 44 39 6 47 45 71 41 30 64 30 74 72 58 95 78 19 38 17 61 68 7 53 5 68 41 35 26 8 30 16 33 96 22 44 60 28 51 9 36 34 35 66 50 61 13 82 75 25 8 89 63 88 54 67 70 12 87 1 41 38 26 90 86 94 73 12 48 26 88 83 81 45 3 48 86 20 2 85 64
83 43 35 65 26 63 80 44 77 81 58 53 31 69 38 91 53 38 59 94 8 2 59 21 0 20 77 43 91 32 6 71 80 55 1 44 46 13 52 46 60 56 90 0 16 40 29 18 17 22 71 0 47 57 23 17 93 25 11 14 73 37 52 79 84 22 45 24 46 73 10 46 78 38 16 9 52 84 67 49 84 61 13 60 0 86 18 98 27 4 53 17 33 44 82 69 52 93 66 83 70 38 28 17 88 38 23 19 74 88 99 66 49 12 39 6 45 57 93 3 94 7 91 45 22 34 89 16 55 30 13 82 4 85 67 26 70 43 75 70 84 96 36 33 41 98 5 84 78 72 92 98 53 50 11 6 2 64 42 51 70 62 59 64 68 60 35 67 62 95 72 97 34 49 94 22 1 98 6 17 44 54 33 15 76 88 63 48 96 87 53 98 42 43 85 80 16 71
22 73 19 34 14 58 39 91 84 76 35 49 79 69 54 60 33 11 66 41 73 57 12 58 11 15 71 7 75 47 26 85 78 96 85 71 48 83 94 6 12 68 89 3 27 13 35 95 76 13 84 20 11 30 82 42 48 81 15 98 35 2 69 3 6 50 18 63 2 77 21 45 40 11 76 48 84 94 66 10 34 90 95 87 5 43 99 95 12 97 67 34 47 3 31 9 63 71 96 1 16 91 25 29 65 28 53 54 48 52 56 32 84 47 18 65 64 69 40 34 70 86 75 74 18 95 33 23 8 77 61 33 33 21 36 96 29 55 48 96 11 62 24 40 14 76 37 34 78 41 21 9 48 32 65 70 44 0 18 83 5 76 0 36 93 25 60 0 31 51 9 4 87 42 99 38 91 48 17 84 59 88 88 22 34 94 5 88 46 84 18 92 81 72 25 81 85 80
71 28 28 72 83 5 93 56 87 44 92 22 83 95 45 74 70 15 53 43 25 40 39 30 98 55 62 65 3 6 2 95 52 86 40 63 39 70 44 83 39 0 61 73 35 21 51 13 88 59 92 17 4 7 47 17 45 92 17 52 32 14 67 12 82 92 45 75 41 69 85 17 33 35 8 11 58 54 28 47 55 28 91 39 81 69 99 52 36 84 53 34 47 81 30 48 63 48 97 73 19 73 27 40 59 17 83 4 89 42 90 52 83 55 26 86 2 77 71 67 54 48 75 76 57 51 92 32 64 29 1 60 30 35 94 19 55 64 96 55 46 35 3 10 77 68 23 39 92 51 62 16 30 47 2 79 10 97 83 24 90 20 73 55 52 84 67 62 42 19 93 83 1 79 39 53 18 73 26 78 8 30 66 74 29 49 17 31 31 37 10 80 83 9 38 83 50 47
57 27 55 9 91 17 84 75 39 93 90 63 99 25 31 72 69 17 57 42 46 68 37 73 43 28 51 18 60 48 72 88 21 37 18 44 8 39 24 96 66 99 95 64 76 17 85 16 48 28 84 89 56 5 29 67 50 61 9 95 23 45 74 42 53 21 35 95 21 92 32 41 95 88 57 85 16 58 30 49 6 20 18 11 95 33 18 28 81 55 9 77 70 17 0 19 0 12 28 30 46 71 59 27 18 8 74 97 25 92 40 92 61 95 41 68 86 82 91 78 96 13 92 61 48 38 94 92 3 1 65 28 28 14 28 76 34 23 95 19 22 24 46 42 54 74 84 29 98 70 59 83 4 8 81 7 96 18 90 24 10 74 28 57 57 95 87 2 5 87 42 20 39 5 26 0 31 79 36 61 85 15 3 71 45 37 52 19 62 12 47 58 84 96 80 8 82 84
21 49 51 47 94 65 2 72 21 63 8 6 27 79 42 90 72 20 72 21 66 41 14 70 85 8 6 19 37 48 99 85 28 27 71 52 45 27 80 49 15 77 32 99 74 1 95 41 98 76 28 4 37 97 86 5 93 96 91 25 98 41 57 59 87 50 54 61 34 10 31 24 52 28 99 52 2 93 99 53 17 43 47 24 7 33 13 46 40 14 41 35 67 89 26 92 28 54 21 92 51 11 91 42 26 9 72 18 61 22 5 83 58 1 83 17 91 58 69 43 76 44 14 13 92 78 54 60 68 1 12 74 59 99 76 39 30 3 23 58 33 98 54 14 39 82 23 11 88 70 12 87 58 92 52 38 49 0 56 11 91 76 16 74 34 89 64 62 64 40 89 65 55 33 15 4 28 34 2 48 93 36 81 33 6 29 91 52 8 83 92 84 51 3 20 73 75 8
0 1 2 89 25 40 19 79 20 24 43 92 79 96 26 34 53 11 78 97 70 88 28 95 9 20 73 49 87 84 89 5 34 71 93 73 94 14 65 29 73 51 14 34 65 34 19 0 66 55 76 96 85 32 83 11 79 14 10 86 81 44 82 11 48 20 19 62 81 47 20 69 82 10 37 15 54 65 18 89 63 34 36 23 95 74 6 51 22 10 16 43 49 90 27 50 69 8 41 88 67 1 24 12 73 66 31 38 3 30 40 56 80 38 31 87 39 66 85 14 68 46 58 42 21 58 11 89 59 64 38 24 78 66 15 21 17 36 84 4 64 92 24 70 57 94 74 96 6 45 99 60 14 11 9 91 26 52 43 35 53 56 51 23 23 3 79 78 61 3 96 47 46 33 43 72 58 43 43 47 98 89 77 13 24 79 56 75 13 51 33 70 96 99 74 27 78 7
67 60 76 9 92 1 83 60 6 37 45 41 91 37 64 60 69 54 85 36 67 99 10 29 88 51 33 22 46 65 82 88 51 87 20 26 18 48 58 17 26 63 47 86 35 56 30 47 8 7 49 18 45 42 28 11 65 35 21 60 79 28 22 50 66 98 40 60 58 91 4 45 54 26 19 62 26 96 99 7 97 13 16 15 70 42 61 77 67 84 99 22 60 62 3 40 10 85 60 31 78 75 85 2 27 14 46 89 99 26 54 78 61 3 94 11 24 85 39 28 48 40 24 90 21 12 38 99 2 25 66 64 41 3 95 71 26 58 79 9 73 13 0 37 57 63 67 24 5 85 62 88 8 14 34 67 81 91 1 13 59 69 46 85 58 72 96 43 97 15 32 84 13 40 14 23 93 41 13 53 2 86 50 52 25 71 74 68 44 7 80 42 1 55 11 68 63 11
72 27 26 69 26 62 99 14 17 49 61 82 72 54 15 32 17 98 41 12 95 64 74 37 38 14 31 63 12 94 68 66 9 37 86 55 62 44 79 6 92 23 79 17 0 14 49 35 99 46 66 67 53 43 79 92 4 76 72 37 84 28 53 18 65 73 20 89 41 59 31 38 45 32 97 1 78 29 21 9 5 54 83 65 15 56 58 90 59 80 52 33 60 20 15 81 1 91 29 82 85 1 75 86 11 33 68 20 34 46 98 47 53 56 53 33 79 82 76 74 7 48 2 30 73 89 3 26 79 14 42 12 2 61 13 31 4 39 32 24 36 7 56 82 88 16 59 6 25 49 87 40 50 88 95 6 91 35 51 93 6 69 52 77 55 17 84 50 19 26 72 55 99 57 92 90 59 22 84 14 82 96 4 8 70 68 51 29 10 66 79 20 55 48 75 40 76 71
13 86 69 99 86 18 73 37 84 96 97 12 91 28 10 24 29 16 94 22 0 61 33 6 30 76 2 37 17 74 68 3 27 65 55 10 16 39 47 42 87 50 39 43 76 25 77 60 53 1 23 78 20 47 79 68 78 22 54 48 31 14 30 81 67 82 27 31 3 85 4 65 90 8 47 34 6 39 79 58 4 38 71 17 63 57 70 45 62 14 20 98 53 46 83 19 46 64 51 37 27 64 37 82 56 64 12 36 25 66 41 64 41 47 88 83 60 54 64 11 70 71 60 78 60 7 15 82 72 24 31 24 92 56 82 95 59 20 12 71 24 57 95 93 74 32 59 8 26 89 86 67 39 52 47 80 40 31 75 37 81 31 17 44 46 91 88 47 35 54 41 69 78 17 44 9 21 81 39 65 62 84 49 93 93 50 0 65 27 54 27 79 14 26 6 5 65 82
56 42 51 97 95 56 87 77 94 25 4 61 97 12 52 79 90 95 92 18 79 27 68 65 67 78 38 85 37 61 67 39 71 96 86 34 15 1 38 52 57 99 37 49 0 7 4 69 42 39 6 29 76 14 18 89 51 23 92 98 87 51 7 59 68 20 11 9 94 64 3 67 15 67 39 66 15 54 85 44 45 17 55 94 29 16 88 32 40 81 4 38 72 11 43 51 9 5 75 4 68 39 23 45 89 67 35 84 68 21 62 60 3 22 38 23 15 32 50 79 27 91 80 18 2 74 96 61 84 47 51 10 36 66 52 73 57 26 59 51 50 74 81 51 72 84 95 70 41 47 8 97 48 54 60 54 25 39 93 11 53 89 19 56 68 72 15 31 39 38 66 13 33 26 83 5 14 42 46 29 26 39 67 34 41 29 30 51 38 63 23 58 24 59 41 28 82 69
5 81 56 87 73 86 90 4 77 50 98 61 64 12 26 77 47 52 82 56 55 36 6 22 72 95 77 51 75 39 69 37 38 72 95 49 31 93 69 7 0 55 35 93 58 52 56 10 27 0 72 71 13 67 11 46 72 77 76 55 72 66 32 24 17 58 88 83 77 70 35 25 2 91 97 42 1 79 65 82 71 28 63 99 48 61 9 84 19 45 94 33 83 61 74 44 16 11 81 58 80 48 96 59 9 79 58 23 42 57 88 39 67 64 61 1 60 3 91 16 4 21 53 78 77 20 14 57 95 14 33 71 40 25 41 28 72 59 56 28 16 61 61 72 88 62 1 7 22 52 1 52 73 54 38 53 28 30 85 79 68 52 52 74 38 18 14 73 22 55 60 8 64 4 16 15 34 22 32 72 93 52 60 52 67 58 92 83 56 45 45 99 47 89 45 29 43 17
96 6 68 15 5 49 75 65 6 8 98 62 30 46 41 32 91 0 6 70 35 8 47 2 17 25 38 9 67 70 13 25 3 53 4 43 70 5 99 90 73 35 83 33 63 78 52 71 61 46 79 5 90 3 83 89 84 67 51 36 26 77 86 17 45 26 75 80 35 51 61 94 28 50 31 34 1 5 37 3 90 8 99 12 72 80 23 4 92 73 55 17 8 64 70 74 89 57 90 93 58 7 5 38 11 72 78 76 31 75 26 75 23 22 91 39 42 57 23 41 39 56 85 24 91 20 68 50 59 52 70 24 6 82 54 68 68 41 19 3 10 52 28 87 73 52 16 81 2 89 98 30 99 18 82 7 43 69 88 77 17 64 14 63 24 30 36 95 83 39 96 81 27 83 66 89 70 26 21 92 3 44 29 81 56 60 35 89 3 78 40 3 97 24 41 73 48 74
94 86 42 67 67 86 35 17 41 1 85 45 11 71 79 47 70 5 84 63 51 63 66 40 84 10 56 72 91 62 88 8 98 56 5 27 46 44 5 59 33 84 14 47 21 50 78 95 85 6 53 63 23 67 87 13 97 22 44 3 85 74 68 85 96 19 28 66 7 99 70 81 47 65 46 8 30 85 49 82 69 48 48 25 48 91 93 82 22 73 17 7 69 27 72 38 86 48 34 1 80 44 82 90 52 4 3 58 75 85 5 8 86 76 92 88 61 59 26 48 47 82 37 96 85 86 37 70 31 70 65 59 20 59 11 68 41 82 31 60 32 63 73 69 29 63 25 57 85 77 5 12 27 7 21 59 86 2 15 55 87 25 16 79 25 24 32 66 9 91 55 69 53 56 57 39 15 18 54 31 7 89 69 64 78 82 83 99 43 24 30 4 84 5 0 36 15 0
61 67 64 70 38 33 84 30 61 37 29 0 28 38 15 5 30 7 73 71 50 63 34 69 20 83 72 92 17 52 79 37 17 21 64 48 3 97 8 87 95 73 78 55 26 42 7 97 64 38 43 54 73 41 40 92 38 10 37 0 71 4 78 59 26 27 47 60 99 36 76 71 28 49 48 5 39 40 2 64 91 4 54 96 74 46 9 19 64 1 85 49 11 12 13 53 95 38 22 82 22 38 31 74 92 53 48 23 19 75 1 24 58 82 44 71 20 3 90 86 12 4 54 98 61 7 40 81 74 63 98 9 25 2 40 38 51 36 32 94 47 9 73 74 89 82 26 68 5 16 2 32 44 18 9 3 56 73 35 11 55 88 45 73 17 46 87 56 40 42 62 22 99 78 66 34 44 65 6 44 57 30 34 74 55 77 64 78 11 14 84 73 65 93 26 90 80 31
2 94 43 17 70 82 51 3 47 26 26 84 59 43 58 1 26 99 40 97 16 49 51 44 30 76 99 63 54 30 83 19 28 92 56 15 90 17 69 0 4 10 24 5 10 64 49 86 95 24 61 22 12 4 80 29 16 65 83 6 11 41 41 2 49 18 97 13 5 44 15 51 18 88 98 68 61 43 36 77 93 36 75 21 43 73 82 71 87 41 25 96 99 60 99 72 99 89 12 50 64 48 4 35 46 17 81 1 70 79 50 80 74 6 57 17 27 21 78 46 7 37 66 42 97 87 69 99 67 32 66 14 49 44 32 9 45 62 9 83 92 57 34 82 49 33 82 7 15 52 82 26 43 25 17 21 87 24 77 84 66 85 14 9 23 17 39 1 15 55 29 53 82 45 57 58 82 9 20 11 17 12 31 29 23 30 43 45 5 17 91 11 8 57 38 9 98 80
23 2 61 13 72 62 9 30 50 0 93 8 62 85 1 19 1 94 1 65 56 77 16 63 26 81 75 62 5 86 53 6 94 53 99 90 23 1 31 27 37 6 56 49 76 9 34 62 36 59 82 38 36 62 61 14 29 94 0 73 7 33 42 81 23 89 84 8 10 21 24 48 34 38 57 81 12 62 30 44 49 21 29 21 79 66 18 51 54 1 84 28 40 3 5 20 52 88 15 12 80 50 20 9 41 35 41 96 47 67 10 13 58 30 87 73 69 94 21 4 46 54 41 68 67 52 74 36 92 90 54 99 8 9 81 89 29 55 17 55 94 70 29 11 68 5 78 1 78 43 46 40 62 8 63 94 9 1 67 85 31 19 91 69 1 22 72 7 51 58 12 95 68 64 66 45 98 56 60 37 44 71 4 39 83 53 76 32 61 79 38 50 97 73 48 91 25 58
66 96 91 29 78 23 39 49 82 40 67 71 76 58 89 86 22 25 46 82 8 56 56 65 92 0 47 9 80 28 45 97 73 74 91 94 79 95 53 92 76 34 72 63 91 44 74 11 92 56 21 17 3 81 22 2 14 35 37 87 36 96 14 74 3 19 52 3 92 3 59 61 92 58 77 64 95 22 41 88 73 5 80 3 38 33 17 6 80 67 83 62 55 25 40 16 69 3 14 10 43 32 95 1 56 27 68 48 25 20 94 49 1 42 26 94 16 0 80 85 97 67 24 67 61 92 50 75 7 97 75 40 43 37 34 60 15 36 12 18 74 78 0 74 91 34 58 41 22 48 51 2 98 58 83 18 8 83 30 97 22 0 54 94 92 96 81 90 64 37 53 31 9 34 87 40 93 56 33 57 89 38 72 98 40 21 84 56 4 2 13 82 38 41 8 99 70 75
29 77 15 9 25 83 59 70 74 4 46 64 13 14 19 44 14 83 71 75 91 85 94 30 21 24 50 47 21 58 93 62 87 54 7 50 40 10 35 79 29 68 35 99 50 67 66 10 44 26 18 56 54 11 44 33 93 4 28 47 93 16 50 6 54 73 53 28 23 51 59 1 67 36 69 5 21 96 97 64 61 34 10 21 86 64 73 48 53 89 49 46 2 81 44 93 93 27 11 39 8 12 69 10 9 17 25 29 4 51 63 37 72 63 78 95 31 60 61 59 93 55 41 44 44 18 37 93 90 97 45 71 98 62 6 65 9 45 93 28 21 45 32 10 84 11 32 79 31 29 62 54 74 57 32 91 2 29 44 80 54 82 57 42 78 21 44 20 30 4 64 70 58 22 49 38 70 4 21 93 3 24 8 62 11 0 67 43 76 35 52 64 99 92 88 75 62 25
91 60 36 21 41 35 12 58 38 8 66 76 99 31 56 68 4 56 79 16 37 89 54 70 12 29 37 24 77 78 36 5 36 8 1 81 22 92 66 0 74 81 27 75 34 31 87 17 12 42 95 68 58 13 37 67 33 66 63 8 30 75 70 66 39 93 69 37 55 30 78 87 68 87 41 66 93 42 62 79 44 86 47 46 96 70 6 81 64 9 2 92 58 68 28 26 85 31 49 52 81 40 52 64 65 17 56 28 3 98 44 94 11 43 80 48 37 8 44 82 33 90 3 19 12 52 57 14 36 79 60 82 87 31 65 50 8 52 79 45 10 4 53 28 3 47 71 66 56 30 7 28 10 51 72 9 0 56 58 73 22 59 57 6 15 43 88 23 36 43 20 37 81 8 23 1 61 72 32 59 25 46 36 97 46 66 91 30 83 6 70 18 80 68 84 0 59 66
64 74 89 68 95 28 45 64 54 16 35 23 34 68 58 53 1 20 93 70 19 31 4 2 48 56 93 60 57 3 76 86 49 74 22 9 36 93 51 85 14 38 66 98 47 4 51 63 72 57 18 94 24 88 29 13 33 83 82 32 8 71 95 10 75 9 74 89 24 15 78 89 63 81 75 30 19 67 89 14 64 10 24 74 55 97 72 25 76 27 55 26 67 42 18 62 57 50 90 66 96 77 64 99 87 8 76 8 45 56 89 3 21 64 58 69 19 89 5 20 80 23 32 76 94 68 16 75 20 4 83 11 54 0 96 89 46 26 74 59 26 76 49 44 97 19 39 52 83 75 69 34 70 68 7 12 90 17 4 13 84 32 79 32 30 39 40 97 17 15 41 39 45 65 63 15 30 73 97 43 70 37 9 61 91 89 97 16 19 23 67 6 92 41 7 49 19 4
77 75 85 18 84 38 35 36 12 74 63 51 45 55 58 48 8 51 11 17 13 19 2 43 36 53 42 74 38 83 54 24 27 94 17 60 81 2 66 74 63 36 9 38 28 11 5 36 91 41 41 44 4 0 0 41 33 81 76 97 2 50 74 73 41 90 23 39 17 67 30 69 76 83 6 26 16 3 57 91 32 79 72 49 47 84 40 24 3 52 56 29 23 26 10 37 68 15 14 99 19 61 58 57 55 89 27 64 55 80 34 75 80 27 74 23 25 29 92 74 1 56 37 6 0 14 23 55 21 27 50 87 18 22 95 68 74 78 98 59 26 2 88 5 46 47 7 86 26 5 58 11 36 13 41 6 38 41 47 68 31 35 1 82 3 27 34 36 38 71 89 32 22 20 18 91 27 70 59 63 96 42 93 86 49 37 86 80 54 52 65 84 62 6 56 6 69 18
3 21 73 38 62 1 23 30 11 5 54 51 48 92 15 14 69 11 37 88 84 85 62 33 81 14 99 26 37 39 73 30 74 2 62 3 53 7 13 66 16 64 25 54 55 77 11 13 24 12 94 41 61 4 79 16 57 85 95 13 66 67 43 8 11 60 61 94 58 5 31 52 53 89 55 95 70 9 33 76 1 26 80 16 32 75 8 68 14 93 36 49 18 83 18 50 68 70 83 69 78 10 60 80 72 66 68 66 35 6 3 93 62 7 98 85 62 85 61 22 62 23 44 17 13 48 85 91 72 75 44 54 36 62 90 16 72 46 62 40 20 24 13 88 29 76 70 42 59 60 45 97 13 4 59 19 34 13 95 74 56 44 11 3 27 53 28 97 62 56 96 59 65 13 28 71 7 31 4 20 35 14 68 45 0 81 87 31 86 44 47 78 63 43 68 82 35 47
62 96 35 48 97 45 20 68 34 17 10 22 36 33 19 54 94 87 50 23 79 7 53 67 47 99 0 14 23 51 54 52 12 75 43 24 42 43 44 65 25 30 19 99 69 55 9 94 41 90 49 45 72 64 88 83 30 96 22 84 89 93 33 30 79 77 23 22 86 13 87 80 46 21 60 95 91 67 84 17 58 23 77 99 44 43 56 60 18 82 70 85 38 82 82 87 81 77 33 82 8 14 73 70 68 73 51 4 62 92 22 3 86 79 60 94 32 59 48 71 89 31 57 12 57 2 37 66 30 8 60 40 99 6 84 57 46 90 82 83 83 74 91 11 93 1 44 63 94 23 20 31 28 56 44 78 60 27 32 99 5 82 45 90 70 48 56 61 99 87 46 39 55 19 8 66 94 46 11 23 77 98 48 64 31 26 15 23 76 68 44 6 99 16 29 77 73 94
87 17 92 16 77 93 9 62 63 75 92 20 63 68 27 62 27 60 30 4 64 55 13 43 70 64 48 9 14 10 60 68 70 81 99 18 56 29 2 15 58 54 53 18 36 43 87 67 15 39 13 40 33 58 59 68 80 73 24 83 70 85 87 80 60 38 97 51 14 46 14 82 89 8 14 23 32 74 21 93 30 58 22 94 51 25 25 93 18 90 0 19 5 34 66 51 84 22 26 41 38 26 87 69 50 88 93 28 83 74 27 12 95 33 16 70 56 7 1 71 86 72 53 3 55 50 27 49 76 35 96 80 60 52 71 87 85 44 65 67 43 85 42 70 98 68 38 95 43 37 60 43 60 87 6 38 61 85 56 35 18 85 93 43 80 34 78 84 19 91 14 39 45 74 47 17 80 57 85 14 11 15 72 54 70 0 22 52 31 32 13 79 56 95 27 45 95 89
23 76 19 9 60 69 12 17 70 50 60 23 29 98 25 71 10 93 97 1 11 98 79 38 65 0 53 48 62 64 78 63 28 43 15 3 22 9 43 18 74 90 73 13 34 86 10 71 20 79 15 37 44 94 99 75 95 23 90 71 26 6 77 25 23 67 85 23 42 24 8 59 1 25 24 72 0 11 21 79 23 98 88 86 84 3 40 46 7 33 86 83 62 81 36 52 49 56 73 28 80 37 66 63 73 6 23 25 97 68 84 23 54 89 98 41 7 82 68 78 38 44 16 42 52 48 29 54 2 44 16 31 24 46 35 90 91 96 73 32 62 5 36 55 45 39 4 47 38 67 29 7 62 30 40 92 88 5 26 58 0 36 62 47 62 25 9 1 62 46 79 56 14 29 98 17 62 39 57 68 50 14 87 86 24 91 61 6 46 27 75 25 11 73 97 59 56 51
74 45 60 28 99 82 41 42 22 24 55 86 37 28 94 58 68 51 10 42 72 67 71 53 86 76 35 10 73 75 80 74 29 33 56 87 0 21 67 54 24 10 86 97 20 93 46 33 66 19 56 42 1 3 8 60 32 63 1 16 58 70 95 98 15 75 20 67 76 91 96 0 45 96 44 7 69 57 45 68 8 23 46 75 72 78 84 43 99 42 61 28 46 14 45 20 28 69 62 84 29 58 77 56 35 79 59 26 88 45 99 49 3 92 25 37 8 65 75 2 88 81 89 56 27 83 11 0 5 31 40 50 53 46 7 86 51 30 83 20 99 95 34 89 84 82 53 90 3 14 66 33 56 74 38 33 18 91 20 31 78 6 85 92 8 36 39 37 95 8 9 59 56 26 42 33 34 17 86 10 41 13 46 64 6 32 45 52 48 24 41 47 74 4 17 12 28 40
14 3 61 90 55 64 1 15 77 5 72 98 39 29 21 36 21 3 43 77 59 82 99 50 3 28 69 21 48 74 6 4 94 39 34 14 91 49 52 60 67 94 42 18 55 80 57 31 35 78 14 25 61 83 23 12 66 9 71 33 0 11 86 59 87 64 25 55 44 33 27 37 76 69 19 9 25 91 84 64 52 51 53 65 42 96 14 71 22 46 17 19 1 77 52 81 92 83 42 31 97 38 72 54 71 93 89 13 63 21 11 99 30 93 43 10 8 95 7 85 57 1 23 95 27 15 9 73 44 72 16 62 20 60 40 13 70 19 88 37 12 47 95 93 69 52 79 1 14 41 92 32 21 26 75 31 31 71 31 56 2 21 38 31 6 42 35 99 13 35 4 85 68 48 14 58 71 46 74 65 18 48 15 62 61 15 45 56 13 52 39 56 59 31 24 28 1 73
35 17 81 27 91 99 0 80 27 51 14 0 3 68 60 38 53 52 25 77 72 92 89 21 18 70 66 95 44 22 98 25 34 26 91 80 39 93 52 80 26 54 61 78 57 44 97 6 98 17 81 23 39 63 97 88 49 37 34 15 26 95 95 12 10 55 59 28 97 57 75 13 24 34 78 2 26 50 56 66 48 37 32 27 61 58 36 0 0 82 57 89 57 25 52 10 51 41 47 4 9 66 87 98 88 65 92 73 22 16 7 8 62 81 94 92 26 70 34 1 84 33 89 68 15 13 30 1 45 97 12 43 52 54 29 57 26 4 33 88 20 44 57 54 80 79 66 28 22 86 70 74 76 10 26 40 68 71 19 93 8 81 15 64 54 93 0 69 68 67 90 48 52 11 96 2 33 5 4 85 69 42 44 81 57 94 66 46 90 97 38 34 27 83 31 89 78 34
