100 100
76 50 99 33 29 48 5 24 25 1 6 73 14 16 1 67 16 37 75 27 13 16 66 79 70 14 0 26 54 13 76 0 38 98 61 33 22 73 98 62 66 47 23 80 19 69 20 67 8 65 90 15 7 96 32 63 1 24 42 35 63 41 82 71 49 66 77 20 78 51 83 40 55 30 28 98 0 89 20 40 29 67 31 95 91 52 97 13 6 9 4 18 11 34 0 86 8 88 82 89 45 35 38 43 13 46 41 39 59 57 74 57 49 85 40 12 91 3 89 69 39 98 39 92 27 8 0 31 16 41 53 61 12 78 98 6 91 84 38 72 46 56 18 26 15 16 46 24 81 7 94 36 75 30 38 74 11 64 75 87 10 59 21 64 89 39 39 61 82 7 41 35 67 64 46 68 49 24 61 58 94 93 23 74 6 75 7 60 44 66 0 2 91 89 73 94 17 8
45 78 30 47 86 10 75 98 8 15 93 79 27 57 16 27 36 7 62 96 35 51 61 14 25 72 98 47 31 57 69 85 58 52 27 53 66 69 46 77 71 37 98 65 94 96 54 53 60 97 67 52 94 74 42 91 84 44 26 2 11 35 30 83 99 18 39 84 13 15 59 85 6 45 11 41 46 22 32 55 20 71 11 29 75 46 45 11 66 28 46 61 76 57 70 69 22 33 17 15 85 32 37 32 19 52 26 85 58 46 23 17 34 61 89 18 63 82 52 73 24 27 28 5 10 60 15 77 91 80 88 37 37 53 32 89 37 36 64 17 75 80 98 9 32 39 39 93 94 30 91 87 95 80 54 3 25 94 48 80 38 66 98 50 0 16 40 49 40 81 22 90 1 12 56 26 43 96 85 11 40 75 53 46 12 16 68 91 21 31 82 94 92 71 81 4 97 32
36 40 73 53 23 74 72 58 90 91 35 84 21 28 78 74 97 91 12 46 59 42 12 99 43 78 59 86 16 18 37 89 33 22 77 49 26 66 30 77 60 20 51 94 91 2 53 52 94 15 23 56 62 74 59 60 87 70 82 5 38 6 94 88 16 81 5 48 8 61 26 57 35 77 21 13 1 47 54 71 44 17 4 72 53 38 73 44 37 83 9 51 74 46 92 48 14 83 25 79 8 60 8 31 21 91 84 45 7 78 55 87 68 51 77 27 29 1 90 85 76 50 63 83 95 7 94 80 6 10 32 38 87 92 1 59 11 72 91 33 24 14 35 96 74 73 21 74 9 35 69 90 40 80 3 80 44 93 64 91 20 34 19 94 0 84 98 42 14 58 53 16 58 74 74 8 25 73 50 46 67 44 95 54 87 51 79 41 99 65 39 68 74 51 26 60 75 58
24 57 80 42 64 66 4 96 33 77 26 45 1 46 30 48 42 78 50 12 92 73 83 56 83 55 61 89 49 19 16 49 58 84 0 76 50 91 18 39 87 60 94 86 80 16 38 81 11 73 27 7 51 59 53 41 40 22 57 76 87 56 35 53 21 7 19 93 59 45 49 23 65 70 42 13 40 25 96 22 93 76 79 9 20 59 22 36 74 93 98 79 10 93 0 68 81 40 58 5 61 69 27 17 65 47 41 57 77 57 73 95 7 40 56 19 67 8 79 43 44 43 58 99 63 41 28 49 80 3 59 76 97 16 54 34 57 31 99 75 18 6 72 97 63 71 46 9 16 58 82 68 97 14 89 45 19 12 85 11 12 88 52 49 64 54 11 29 15 99 2 67 57 62 59 40 11 70 30 67 37 71 90 53 41 39 54 78 8 57 11 97 59 46 41 32 16 94
78 11 20 36 42 80 35 52 64 37 32 25 58 67 46 19 58 34 40 44 82 74 77 21 64 91 77 78 97 53 41 11 85 33 59 48 38 99 71 25 6 28 66 78 47 62 4 9 14 59 16 82 79 10 58 0 22 92 87 81 89 28 36 56 48 67 16 86 44 80 23 22 63 30 40 98 19 6 88 85 25 20 84 81 21 79 1 65 15 67 64 50 68 62 72 67 37 76 55 59 13 72 99 25 75 14 77 60 61 67 83 72 6 90 21 81 22 11 52 2 7 18 89 31 39 5 13 57 28 8 26 64 58 45 77 98 40 37 85 36 5 6 1 6 20 77 52 16 13 95 93 15 70 81 54 49 8 94 12 25 13 69 3 67 49 81 40 34 82 15 77 7 27 98 1 96 25 17 85 51 1 53 28 77 92 62 30 79 29 58 73 86 56 24 43 51 77 9
13 11 26 94 75 9 82 79 18 61 96 24 35 84 82 41 87 88 94 31 10 26 8 94 20 5 70 48 83 26 40 77 72 25 28 73 42 3 32 62 22 92 51 29 60 26 85 78 30 71 66 26 27 63 29 47 94 47 52 35 45 43 13 71 54 83 18 99 36 33 94 68 53 92 88 42 94 52 15 18 55 93 38 21 67 71 88 7 58 68 16 33 41 24 37 86 84 73 71 26 50 63 89 72 0 71 26 99 71 64 89 23 56 65 97 70 14 76 18 76 90 71 59 66 70 30 64 81 98 59 6 59 26 17 86 38 84 53 2 94 9 1 44 17 10 75 71 42 41 83 33 66 57 29 41 32 63 94 40 41 46 42 23 66 38 10 56 46 5 85 63 93 41 45 13 80 4 81 91 93 78 94 69 44 12 64 74 63 95 93 40 39 13 49 19 10 47 34
12 26 75 95 43 68 54 79 79 23 96 89 36 24 14 44 94 53 90 65 8 61 20 33 30 19 57 75 1 41 10 29 52 97 69 21 59 25 7 82 38 50 50 99 46 6 92 59 64 3 2 64 79 63 92 40 45 46 27 52 60 7 15 87 50 33 44 30 94 63 46 55 50 54 68 70 3 21 43 80 49 86 99 75 3 99 48 66 46 5 3 18 84 8 50 30 74 33 58 74 50 73 9 52 56 73 74 81 0 66 80 99 87 77 26 88 5 37 54 17 42 99 78 54 28 36 54 52 66 45 67 76 25 75 32 20 87 97 60 49 71 86 4 83 98 20 41 18 9 16 16 47 25 61 20 22 67 64 67 88 73 86 18 0 34 41 91 3 11 83 31 1 67 93 44 51 62 4 66 83 59 35 32 10 75 39 25 85 46 90 82 96 72 36 57 72 13 94
27 7 9 68 2 98 0 48 55 34 36 4 69 67 81 25 50 24 90 45 50 49 92 89 99 61 35 99 76 3 70 10 75 40 44 4 85 15 26 83 79 23 51 21 8 51 37 41 86 55 33 3 67 60 99 87 41 60 25 0 18 86 83 53 85 63 24 92 57 0 39 32 53 64 4 51 80 76 58 88 78 62 80 43 67 72 17 68 51 84 55 3 94 41 18 39 85 29 55 60 14 19 9 60 41 13 85 66 83 56 51 58 31 74 92 65 38 72 12 55 27 86 11 51 10 24 1 72 22 34 99 55 95 36 18 52 77 53 98 74 91 71 91 51 46 87 94 11 93 59 71 6 96 4 60 83 56 62 92 4 5 42 19 1 24 85 98 86 9 47 44 40 20 91 51 79 5 34 54 99 85 30 28 4 26 97 56 59 63 82 16 98 34 45 25 94 73 9
83 96 89 84 62 2 36 88 41 44 79 56 22 33 37 94 55 1 89 90 28 6 55 24 5 81 65 85 58 42 46 67 81 93 44 80 90 53 29 17 91 21 42 43 33 81 32 2 95 68 33 15 19 18 30 14 72 35 35 67 80 65 7 72 94 48 16 72 69 38 6 74 29 27 65 55 17 56 69 56 81 52 28 36 87 65 92 38 77 12 31 11 60 62 33 10 71 66 97 36 23 36 6 14 94 42 99 26 58 78 18 61 63 88 88 68 36 2 58 64 15 56 49 65 65 42 90 73 54 12 28 8 61 26 70 20 34 15 42 15 99 71 80 75 28 72 39 6 34 4 61 28 98 12 21 33 59 84 84 69 51 34 99 57 86 97 13 56 36 11 50 4 0 9 70 40 36 9 2 70 71 76 45 79 82 47 34 97 15 82 88 12 25 20 3 14 96 29
95 96 42 1 78 91 25 79 90 63 93 88 70 65 53 42 51 16 49 13 13 27 87 19 17 56 73 38 35 56 80 16 42 13 12 67 4 22 64 47 8 89 27 48 41 75 10 4 30 92 81 75 84 62 36 42 98 61 92 16 58 14 13 31 3 76 17 40 44 58 64 78 94 4 22 81 18 14 81 59 1 76 32 25 50 5 83 10 68 72 60 79 34 90 34 25 21 34 17 92 12 82 23 16 95 97 97 43 20 37 76 7 95 39 65 99 97 37 10 58 31 11 77 15 5 44 19 54 57 47 70 28 4 45 85 16 16 47 19 25 98 86 4 38 46 0 77 14 71 61 31 28 72 90 6 96 39 4 26 89 87 4 75 2 23 9 13 29 55 46 84 41 61 70 74 29 79 69 52 53 19 93 14 82 25 27 0 39 66 49 34 24 33 13 17 19 40 8
34 0 18 73 81 64 30 10 47 67 97 86 86 67 81 80 94 83 95 68 12 7 31 49 98 79 41 4 70 20 68 17 94 61 96 35 31 87 30 60 90 57 13 54 8 35 84 43 72 38 50 20 52 28 96 13 88 30 17 59 61 10 21 51 43 71 40 21 93 70 73 76 22 58 19 68 4 45 46 61 80 57 0 2 75 14 30 91 5 80 53 95 4 61 55 46 0 85 24 56 0 23 19 89 66 22 16 36 12 29 1 38 92 76 46 96 61 25 97 11 9 29 31 73 29 35 46 77 53 39 29 97 44 43 68 61 0 31 6 52 33 98 43 80 51 83 60 32 99 24 30 93 48 94 40 37 0 28 0 3 52 78 62 81 69 90 65 49 35 57 22 57 68 27 61 14 16 19 26 51 57 63 68 82 42 46 38 3 37 56 61 28 15 17 98 5 74 76
96 25 60 38 88 14 96 40 29 58 39 8 6 20 32 71 30 44 57 99 33 12 88 48 40 82 99 66 93 80 56 15 34 86 43 13 75 99 46 63 85 78 71 49 99 4 71 76 94 35 32 99 37 79 30 99 63 4 34 68 17 15 48 99 48 29 31 59 88 18 50 24 79 0 90 35 9 15 26 27 9 59 93 5 63 69 9 0 74 62 48 6 26 86 74 73 36 72 75 21 65 8 22 91 82 48 98 84 24 6 43 72 70 1 82 89 18 23 48 10 19 75 47 26 42 86 61 84 16 87 48 16 87 26 38 57 48 72 51 72 63 54 55 27 4 97 20 95 76 11 56 84 45 33 92 20 3 67 85 20 62 88 15 57 0 65 55 52 70 50 41 18 43 53 8 81 48 2 22 26 2 77 4 83 94 67 82 7 75 80 12 88 94 75 64 6 97 28
99 66 65 42 68 52 20 48 61 47 48 4 37 13 44 18 61 74 21 14 62 45 47 70 14 7 13 61 1 37 10 46 26 12 62 47 19 74 87 32 86 83 88 66 60 17 17 24 38 43 35 22 53 50 71 26 2 54 47 53 81 86 41 49 24 79 78 33 51 34 24 82 62 0 74 8 53 75 74 16 85 0 43 92 58 3 23 42 64 87 47 93 69 63 46 76 51 24 18 31 74 23 39 73 26 57 49 94 96 28 92 9 85 87 48 69 36 24 33 85 21 77 98 70 91 15 65 66 65 59 54 62 40 29 27 25 20 55 77 29 54 58 49 48 35 61 89 29 68 55 84 51 95 42 68 97 43 47 93 89 43 44 23 39 20 72 55 50 18 91 43 83 56 91 6 86 30 35 10 62 67 83 27 42 80 12 5 55 57 83 0 24 86 11 90 45 96 5
77 99 28 17 16 17 24 84 43 52 43 5 25 0 6 25 55 91 18 83 43 50 14 59 89 13 61 25 41 80 69 21 40 17 53 42 92 95 83 9 65 94 95 32 77 14 73 81 54 19 15 6 60 55 96 8 20 79 80 2 43 4 74 97 48 46 56 78 36 90 25 55 17 48 66 14 6 97 82 46 56 17 42 89 12 29 50 24 1 68 20 43 92 72 0 62 75 6 76 87 97 64 47 6 44 38 0 10 91 12 35 65 94 93 5 31 49 14 13 51 26 30 38 23 73 10 95 1 34 95 71 91 61 54 37 33 5 13 61 3 2 50 56 6 26 37 62 45 64 57 70 76 28 85 7 23 38 22 92 56 0 38 36 77 88 18 67 31 24 36 63 30 3 87 65 39 80 86 98 18 11 6 30 50 45 58 96 5 12 27 45 65 47 21 25 83 25 50
4 23 49 0 32 22 28 91 76 45 66 51 64 84 19 29 57 84 28 75 0 35 52 92 43 36 70 92 5 55 63 32 81 95 72 98 33 41 5 81 62 86 51 44 77 54 58 94 34 83 86 99 38 80 43 2 69 87 11 8 28 71 9 65 33 19 18 17 95 86 31 68 79 14 74 56 54 89 60 24 48 69 39 48 3 15 34 87 34 37 63 30 16 95 59 75 40 71 13 63 67 28 75 11 92 89 24 5 6 83 96 53 54 34 36 48 3 47 59 86 10 39 26 28 49 95 82 97 76 97 21 68 93 37 12 65 76 1 54 88 75 31 3 51 61 64 74 87 7 5 24 50 58 19 96 7 1 85 76 14 25 86 18 97 90 8 4 75 80 72 24 65 22 7 42 76 68 80 69 59 57 34 78 41 25 45 86 19 82 27 20 8 95 46 81 44 33 73
15 24 3 33 32 43 99 11 41 14 99 27 84 71 23 27 86 43 87 94 83 36 85 8 8 98 38 68 80 33 1 28 95 90 65 60 94 90 9 92 33 42 83 60 35 3 92 44 15 32 85 78 40 61 66 79 0 56 78 97 59 9 35 34 76 63 2 6 5 29 42 66 13 38 74 68 46 47 19 26 35 72 51 53 49 42 51 50 6 97 5 41 51 29 38 99 23 91 68 89 99 60 26 78 33 55 64 20 7 57 35 41 21 40 66 88 78 99 63 23 27 9 67 38 48 55 20 58 52 27 81 6 0 37 57 6 62 35 22 97 23 75 31 10 64 3 16 27 93 0 47 61 78 32 96 90 49 25 70 71 30 79 17 83 46 96 81 28 69 40 41 12 45 47 49 39 31 33 18 83 77 44 54 61 82 17 0 99 27 40 73 60 29 99 26 4 5 71
95 24 98 36 55 9 41 38 34 90 80 90 26 72 15 6 94 3 38 76 63 84 38 91 8 76 23 97 1 30 21 25 6 3 18 47 69 26 32 48 3 53 28 97 71 65 11 52 35 86 64 52 29 12 42 51 22 39 50 87 51 40 90 32 45 43 45 84 84 56 82 79 75 90 17 81 58 56 1 7 49 3 78 66 54 34 93 12 31 87 80 13 28 73 29 21 20 7 22 57 52 21 25 88 24 6 1 52 15 46 32 96 79 62 34 44 89 7 90 0 90 74 12 68 3 34 11 90 99 70 85 46 11 33 53 79 8 72 55 20 79 10 11 81 1 39 69 6 86 99 34 45 67 65 90 14 45 36 4 26 32 66 73 51 99 33 69 2 36 27 56 61 24 5 47 14 59 11 77 90 42 92 3 16 73 11 37 5 6 19 3 60 64 83 79 65 16 50
95 45 3 14 56 0 66 0 39 29 20 60 85 17 22 33 10 64 46 58 49 99 73 48 45 11 86 10 97 5 42 4 28 60 46 78 8 1 88 60 83 94 67 20 79 15 91 82 13 71 88 30 62 86 98 59 86 75 81 45 96 81 25 36 54 75 72 55 42 43 75 22 23 42 26 15 46 27 94 87 94 60 99 37 89 74 40 89 41 66 24 8 22 93 17 90 1 53 17 31 67 15 36 51 89 35 19 59 63 47 13 80 6 46 42 89 16 12 39 97 42 11 65 91 69 93 92 5 3 8 47 39 48 53 66 5 71 11 2 85 16 10 35 50 54 55 67 11 60 82 5 1 46 77 0 32 54 60 91 21 38 86 60 92 58 44 92 46 36 59 46 68 17 68 76 12 84 75 5 7 57 98 18 31 75 34 55 99 59 11 61 53 52 11 92 70 59 9
44 60 61 27 53 30 3 12 80 43 50 38 76 50 25 18 29 3 2 88 79 86 79 88 11 31 69 90 54 9 71 72 67 85 54 13 77 35 36 66 91 56 9 91 68 76 27 69 7 57 74 66 76 78 88 60 87 52 66 33 71 46 30 35 83 39 87 19 92 60 95 9 49 1 91 20 5 37 10 66 65 73 89 66 85 37 4 32 45 83 43 70 34 58 20 28 25 48 1 98 29 17 14 87 62 93 99 89 29 22 35 15 8 38 73 83 52 41 76 87 15 40 14 94 24 0 83 81 21 43 82 70 44 59 38 88 66 5 6 53 31 45 30 70 15 26 35 69 41 75 90 20 65 57 27 47 88 58 50 5 41 97 51 90 71 3 82 84 96 19 42 78 85 24 66 23 1 64 63 99 88 73 4 29 70 25 36 43 38 93 22 55 70 3 49 38 16 58
69 34 57 30 91 9 67 83 72 55 35 62 25 38 21 98 67 31 34 16 51 29 41 42 26 34 28 6 48 71 31 99 13 0 67 60 0 92 79 68 48 89 61 79 50 99 10 12 92 95 23 24 50 5 26 35 48 4 65 0 77 22 82 77 73 56 68 0 94 84 60 81 52 9 9 42 15 7 33 85 53 2 58 28 49 4 72 87 31 17 2 45 46 54 90 76 39 32 44 2 66 31 29 97 31 53 1 93 80 34 75 68 63 31 87 23 48 13 25 0 81 74 66 10 75 54 1 87 96 24 54 35 2 29 5 33 39 94 11 86 10 70 3 9 82 72 66 87 73 36 20 10 99 90 13 91 47 94 62 18 98 27 7 53 7 86 6 88 56 37 14 6 56 19 66 78 91 47 66 0 48 6 23 8 14 43 73 54 99 98 30 46 40 12 59 66 92 64
92 7 67 73 59 2 93 88 67 44 2 96 42 83 3 82 41 48 2 73 58 73 45 81 32 99 12 42 50 65 95 67 58 15 55 76 23 28 48 73 94 60 90 49 63 75 78 82 76 15 53 94 86 17 1 97 29 79 61 54 73 88 6 67 39 93 82 66 1 40 76 51 58 5 27 5 4 88 13 41 2 42 15 9 0 61 89 24 28 2 90 39 17 93 48 8 54 19 4 71 68 93 67 98 72 20 75 34 78 21 73 77 32 59 60 30 39 18 70 93 7 88 28 57 35 20 2 20 50 10 24 41 52 89 2 94 47 40 58 91 22 11 3 84 54 16 3 54 13 33 64 44 39 56 43 32 78 25 29 7 66 97 36 6 48 82 67 62 88 80 81 73 22 46 32 31 75 85 29 26 42 37 80 74 69 62 38 75 69 14 76 10 87 35 42 22 34 15
36 75 9 91 32 10 38 96 1 45 13 24 38 79 29 74 92 21 12 74 99 66 0 20 65 84 88 45 78 24 22 85 68 70 39 71 14 64 81 66 68 38 92 48 69 72 87 99 60 92 27 83 7 89 92 64 66 55 10 4 71 58 24 70 0 11 33 58 21 49 26 48 38 67 40 68 15 55 29 89 96 94 3 64 96 52 38 43 25 64 62 53 85 51 95 4 44 10 19 73 56 45 79 71 14 28 5 30 4 68 65 68 74 18 9 68 8 30 51 61 16 97 73 92 43 57 88 16 27 42 35 59 27 64 37 64 81 0 51 1 66 85 85 30 2 46 70 82 54 79 62 68 41 55 92 68 51 4 46 79 10 74 66 59 31 59 52 36 63 65 50 76 71 76 55 47 71 69 6 55 52 98 77 50 90 55 34 23 59 17 3 80 62 93 86 51 23 45
79 91 23 75 74 93 64 62 58 52 25 66 82 62 37 94 73 35 5 84 72 23 61 15 1 77 42 6 51 95 98 90 73 43 60 59 28 74 30 14 96 93 44 47 54 23 60 52 74 21 74 52 30 90 7 8 18 85 76 22 23 6 61 31 73 70 37 5 69 2 99 20 72 4 96 90 1 38 76 56 47 88 9 45 5 50 37 41 87 55 30 51 10 36 23 39 1 53 73 60 75 71 51 16 54 10 41 90 98 81 9 26 48 22 30 66 92 44 38 40 53 29 78 81 37 65 32 34 96 76 53 80 46 19 28 86 97 46 68 86 98 1 15 19 94 63 30 55 13 14 37 7 84 9 36 2 85 39 79 31 67 20 21 17 67 98 54 12 74 49 73 57 27 10 0 78 24 79 89 7 34 11 44 74 19 78 82 36 64 83 54 41 33 24 11 30 25 3
8 46 39 65 66 59 51 37 52 21 69 86 43 14 12 52 99 95 32 41 17 66 25 49 80 84 68 5 70 7 61 76 71 86 61 24 9 72 98 13 49 66 10 31 43 88 60 72 94 22 34 25 40 63 19 93 33 15 84 62 46 78 30 63 79 92 74 61 97 96 95 44 63 12 55 12 84 16 21 90 20 22 87 89 98 61 62 96 93 6 26 0 67 68 21 38 63 43 26 85 34 84 80 46 42 0 1 4 29 51 15 81 21 83 89 92 57 56 22 82 93 25 77 66 47 96 89 54 56 37 82 21 64 48 72 53 29 2 24 52 11 80 77 36 91 82 58 84 34 37 75 22 62 31 3 40 71 47 48 1 35 29 72 45 54 80 46 27 34 21 23 70 41 80 99 53 28 34 78 18 82 53 1 41 39 34 73 20 50 92 41 5 68 15 42 84 65 7
66 69 12 86 61 78 88 87 79 86 10 8 67 65 48 87 79 99 16 84 88 64 53 60 37 15 37 39 39 88 37 76 79 38 51 49 75 39 87 34 29 70 83 74 69 5 75 9 55 52 6 71 42 86 74 6 4 13 36 55 52 26 10 26 54 88 74 62 87 51 41 23 14 7 45 35 65 60 60 98 40 8 92 60 20 66 71 58 14 54 2 54 56 88 18 86 36 4 3 93 72 30 1 52 61 56 73 74 68 91 23 19 63 32 33 79 28 95 20 55 87 36 91 3 74 60 90 34 26 83 82 22 26 27 65 24 66 86 94 12 83 50 74 43 14 31 87 25 91 69 80 6 24 30 87 35 85 70 36 70 59 35 48 77 81 42 96 56 79 46 17 80 97 74 16 29 21 58 35 63 63 11 95 97 22 34 75 47 57 96 40 44 89 61 23 86 77 0
25 2 34 14 2 17 11 38 61 38 56 35 30 55 52 44 47 77 20 69 59 26 67 48 50 21 97 77 49 42 55 1 93 98 18 14 4 81 85 38 84 24 24 72 80 11 60 79 35 89 1 58 58 76 94 68 38 39 44 40 6 24 20 50 79 99 86 16 2 10 0 36 46 62 39 32 82 34 1 39 1 87 73 13 50 75 42 80 64 39 93 3 9 92 23 37 45 60 30 7 57 84 26 31 19 60 63 77 69 88 57 66 48 69 39 96 9 59 90 92 74 64 95 77 78 54 24 47 71 23 35 34 96 93 27 57 24 73 16 4 28 34 41 27 35 8 60 32 56 52 36 46 91 32 68 61 65 62 43 58 22 62 96 47 83 2 51 46 92 69 34 39 53 48 50 78 69 36 28 71 70 69 28 2 14 15 2 5 60 29 12 36 90 39 4 47 6 33
81 95 97 69 2 58 31 89 85 5 41 56 13 19 75 94 70 32 92 91 65 11 44 49 99 81 56 19 32 4 88 87 85 13 68 43 20 79 33 91 68 11 14 30 78 93 95 96 73 43 97 54 14 53 19 2 19 97 45 62 73 98 73 36 74 97 66 8 74 44 12 45 3 48 58 37 9 26 45 66 52 3 30 55 45 50 7 44 86 45 24 80 97 17 15 68 42 65 76 37 51 74 84 45 8 23 81 29 51 94 78 46 38 80 24 56 52 90 40 12 68 1 63 59 31 21 13 32 13 81 44 30 59 41 2 11 0 63 66 82 6 91 11 39 72 27 96 22 11 47 60 94 71 29 41 91 68 25 58 12 72 14 56 52 67 82 34 59 77 83 64 82 0 77 61 42 0 16 56 18 79 19 97 28 97 31 57 40 79 35 17 93 15 87 58 10 80 9
70 82 97 86 9 77 16 23 55 95 53 7 53 46 47 71 65 2 34 77 98 35 69 75 79 3 40 88 75 19 28 97 17 91 28 69 94 44 98 64 76 4 75 87 40 11 37 68 91 60 37 48 19 71 84 2 38 78 14 72 53 85 54 27 6 75 73 41 46 40 93 72 41 62 76 67 50 39 43 33 8 90 54 50 19 13 31 67 21 93 31 15 51 18 72 39 22 71 62 0 61 28 81 98 91 38 39 94 48 30 24 90 89 18 49 96 29 57 69 8 38 48 21 16 94 12 33 63 60 99 20 69 33 58 55 76 40 3 5 83 32 82 33 46 72 77 78 45 71 80 35 47 92 84 89 46 66 11 69 32 57 37 96 2 42 72 82 52 36 59 62 98 26 82 75 74 91 2 71 72 35 10 1 74 83 56 76 13 36 56 63 71 96 25 83 71 38 71
72 99 71 91 83 32 15 60 19 16 86 41 98 41 68 25 9 61 87 94 96 21 65 8 58 2 43 90 13 61 77 94 46 33 39 30 14 93 7 26 64 68 38 86 59 56 21 51 91 9 20 93 6 18 72 2 0 26 2 47 16 57 91 92 26 60 93 56 94 23 76 39 93 78 91 31 32 34 76 66 91 99 74 96 46 26 81 11 3 11 85 46 32 2 84 48 63 91 82 49 79 12 3 56 55 95 45 87 55 2 82 24 99 8 97 29 69 5 42 9 79 35 56 1 67 57 61 27 56 99 88 15 20 5 0 17 96 36 21 29 17 80 90 3 73 34 99 50 79 21 45 21 89 78 99 87 0 99 37 46 18 0 90 86 23 30 4 33 62 6 58 53 96 40 48 3 95 52 78 25 44 41 70 47 54 34 75 58 2 28 10 3 99 24 22 99 45 16
48 36 29 89 99 84 86 74 97 53 23 89 86 41 64 81 7 75 73 13 65 2 89 80 85 37 46 99 54 28 95 34 80 70 30 78 59 17 97 58 69 80 50 96 36 6 58 4 86 19 47 26 42 89 34 77 32 98 49 20 85 36 94 64 86 80 63 65 72 36 70 96 9 29 19 21 86 67 90 74 96 13 12 27 52 85 50 83 14 31 61 89 66 38 33 88 88 98 25 9 44 11 29 78 36 62 58 96 99 8 71 34 36 88 12 60 92 9 76 40 49 30 72 17 98 51 49 15 8 38 54 29 5 16 89 87 57 82 3 33 10 6 26 90 48 24 19 94 43 95 63 68 23 56 88 16 86 36 30 91 14 46 74 12 83 79 39 37 99 87 75 88 26 93 35 88 91 22 40 36 82 29 68 82 18 41 36 11 38 55 71 53 0 42 45 80 1 80
13 84 18 52 45 61 87 93 74 9 47 97 38 72 72 24 42 39 99 13 42 4 67 60 21 12 15 62 63 32 30 67 29 61 17 35 18 29 52 65 50 20 88 39 78 51 90 68 41 68 40 34 90 38 92 24 43 67 59 22 7 98 88 40 40 37 22 6 5 89 28 88 23 94 70 37 7 55 16 67 50 57 40 5 13 96 42 75 71 17 77 46 16 91 95 9 36 49 44 58 82 88 11 14 98 2 42 6 39 36 10 93 9 61 26 85 62 25 87 26 86 79 31 25 86 63 12 50 73 6 33 62 67 56 66 94 1 24 10 42 27 76 94 76 94 88 19 33 94 80 69 8 54 90 88 7 3 53 58 10 3 69 54 8 28 97 63 13 38 60 5 25 38 35 52 64 65 48 0 61 42 60 46 39 50 38 81 86 60 61 14 39 51 23 21 83 63 38
0 96 5 29 86 73 34 91 88 48 12 4 46 21 76 69 64 74 8 36 54 34 32 52 74 34 38 15 96 11 97 60 57 81 53 73 18 41 77 16 4 83 82 58 74 22 79 94 57 55 22 99 27 50 77 28 42 1 34 67 70 80 4 78 84 77 27 72 27 78 51 18 9 14 85 34 13 32 33 97 18 17 77 89 61 18 86 70 32 40 74 35 78 47 92 40 21 88 68 43 23 35 63 70 4 31 29 26 14 55 18 31 75 27 60 15 36 58 65 22 87 77 83 34 94 37 10 73 40 41 36 20 62 83 77 39 93 22 70 98 1 49 18 37 7 83 40 95 41 56 34 63 24 22 69 44 30 34 3 1 59 40 2 70 57 25 15 91 36 38 74 69 45 40 54 21 43 58 14 1 19 74 29 46 66 39 77 83 1 90 37 71 36 90 78 6 63 0
47 66 16 89 20 7 81 86 61 56 48 55 67 71 42 44 8 34 84 95 93 3 8 69 59 82 15 2 13 0 17 34 28 67 21 11 33 31 53 73 56 2 26 95 55 49 8 71 6 17 97 17 41 40 34 14 88 70 13 76 10 69 60 56 22 84 96 74 56 48 50 84 88 93 70 5 27 76 75 5 23 92 35 85 35 61 11 62 5 94 80 21 5 34 83 40 41 56 25 77 31 17 52 87 29 9 35 65 29 0 13 55 84 69 78 75 95 99 46 2 63 66 74 43 55 53 44 19 71 11 17 2 91 70 3 57 41 90 74 45 2 54 64 70 22 38 2 30 17 74 72 55 98 4 20 0 98 68 76 37 82 71 44 6 38 79 69 47 89 91 56 32 21 1 64 52 76 39 13 36 17 12 98 84 51 36 71 58 18 25 31 23 81 54 42 25 24 23
41 14 25 69 28 32 56 98 16 36 71 1 74 61 39 42 44 72 4 21 9 14 50 37 56 18 10 92 68 56 23 47 48 38 3 1 70 52 93 2 75 47 77 38 47 19 83 20 45 84 17 53 42 95 92 82 35 27 94 26 62 27 70 14 66 11 56 49 25 98 26 50 78 98 15 42 33 23 73 92 83 98 29 16 76 43 97 40 86 64 65 58 91 81 63 53 31 62 8 87 43 67 7 23 47 70 9 64 59 11 0 68 98 93 41 8 21 96 3 44 84 24 89 72 96 99 56 30 23 28 97 52 12 15 66 62 74 62 3 51 24 42 52 65 62 10 90 26 41 98 48 21 21 70 5 28 49 79 6 11 91 55 41 26 91 41 99 42 46 52 22 2 88 77 36 85 54 97 63 33 16 80 3 21 34 99 76 21 60 44 28 57 13 24 38 16 62 16
9 84 80 9 47 9 54 34 48 45 15 46 98 45 87 51 25 20 50 5 53 98 85 28 22 65 65 57 38 63 43 74 89 59 24 27 11 46 23 63 52 33 88 46 49 54 15 22 71 36 88 41 40 77 37 98 30 99 62 54 9 15 21 44 51 2 35 9 99 8 89 62 52 26 80 75 86 38 15 66 5 52 86 81 13 37 98 95 75 21 52 15 87 28 16 63 53 55 78 44 20 55 83 74 0 50 69 6 36 52 65 98 12 57 86 32 32 76 92 21 28 82 90 79 7 65 91 65 4 94 73 94 55 19 30 5 31 58 92 3 27 92 64 36 5 72 28 75 18 56 58 86 74 53 9 14 48 61 67 33 94 1 79 70 93 77 80 10 38 77 9 97 56 65 22 38 52 4 15 17 50 96 68 39 57 60 69 22 39 9 79 4 58 42 34 52 75 29
77 30 88 76 43 21 85 63 40 24 4 53 78 68 66 24 79 66 33 62 34 18 84 41 10 1 49 91 6 52 78 59 58 37 36 90 26 87 63 43 28 97 44 97 19 23 27 95 22 26 80 39 69 56 91 92 34 31 9 26 67 95 39 81 12 11 39 51 44 57 91 97 61 15 60 36 4 33 22 64 11 70 88 71 50 44 33 73 88 89 7 6 25 24 26 1 35 16 45 99 97 15 61 96 69 30 55 63 7 0 33 37 5 81 84 37 94 88 16 11 18 42 55 61 39 14 38 93 34 15 33 2 44 30 93 15 83 86 12 47 73 72 23 11 48 13 59 55 34 95 41 65 70 57 81 52 44 88 98 71 37 97 36 54 33 3 74 49 15 26 39 40 45 11 57 83 69 8 32 12 88 36 26 75 20 1 13 24 46 50 98 17 82 59 29 92 81 97
66 4 51 82 64 19 22 31 38 84 92 76 22 98 16 65 84 28 67 3 85 59 66 33 53 13 5 52 3 24 37 51 29 3 74 76 45 26 54 91 41 13 72 32 0 16 38 20 76 88 51 86 26 27 61 7 32 90 77 64 55 91 32 31 51 93 26 51 17 43 44 23 46 89 63 12 10 64 2 55 42 18 56 63 75 68 27 70 95 75 42 1 17 52 55 97 38 26 39 46 76 27 51 61 66 55 99 0 69 10 13 59 0 25 16 30 6 48 28 71 80 5 84 78 76 89 47 42 57 39 42 58 61 13 8 53 84 79 81 49 17 23 9 87 0 15 42 60 55 42 52 0 26 75 16 73 11 51 83 91 50 16 38 29 63 51 87 10 57 35 38 0 21 68 37 6 34 14 41 40 37 94 14 84 32 37 84 55 87 42 77 96 6 81 87 36 32 62
4 32 3 30 43 95 17 0 8 96 9 12 91 60 74 97 5 72 11 22 67 20 5 85 15 91 41 78 0 48 21 98 11 10 87 34 9 27 57 10 64 7 63 2 78 28 76 48 77 89 25 50 29 6 19 61 94 55 91 62 64 19 89 99 81 73 91 58 37 53 40 15 25 3 52 60 98 10 13 34 67 46 93 15 89 19 84 80 50 67 11 33 59 21 83 98 46 90 44 91 0 91 54 67 5 16 12 40 76 66 38 23 5 86 58 36 60 19 35 96 2 4 60 39 18 44 26 46 76 51 62 31 34 18 45 51 68 79 11 1 98 88 81 51 69 41 38 92 38 14 93 56 47 75 15 21 46 78 29 21 94 96 58 75 95 91 50 53 80 78 21 65 71 92 5 74 85 67 21 85 68 24 4 75 35 70 42 11 68 60 47 38 82 66 55 75 49 36
38 43 60 22 70 26 70 20 12 73 71 7 59 90 21 78 75 45 75 23 91 19 34 63 37 14 39 2 3 48 32 93 48 57 75 3 72 24 62 56 5 33 49 23 2 5 1 6 93 97 43 13 78 47 36 11 85 97 44 49 70 53 32 74 10 31 42 95 89 37 50 92 75 63 53 92 41 99 90 3 21 53 65 84 62 93 38 8 61 8 75 99 6 99 71 85 28 30 95 66 96 85 11 25 53 32 57 60 32 18 46 4 95 0 79 68 87 65 50 17 55 61 16 1 77 70 93 95 40 59 32 35 32 38 69 70 15 72 72 53 8 79 15 12 51 55 23 67 72 98 37 61 91 97 80 94 94 87 9 82 5 75 82 65 30 54 95 34 88 3 3 81 27 84 65 91 30 8 48 76 11 61 64 25 58 48 29 21 12 4 52 91 83 20 75 10 34 86
73 81 90 57 79 96 87 71 80 65 61 25 59 29 80 73 42 79 48 6 26 96 23 97 98 48 50 41 14 27 41 52 5 59 99 92 0 7 39 22 79 4 99 47 4 15 59 57 53 91 4 6 8 5 11 87 50 88 16 46 45 40 20 71 43 8 35 24 51 39 63 93 22 40 32 24 41 82 90 61 16 77 41 40 40 30 55 53 34 59 16 56 63 2 73 46 70 44 31 16 93 60 21 77 28 72 6 30 74 68 94 40 10 38 15 3 74 13 93 38 62 12 74 49 12 17 17 58 87 9 68 93 18 64 31 66 62 34 72 83 82 91 68 86 27 30 24 37 70 59 32 89 27 83 32 71 85 40 6 54 17 99 82 95 3 1 7 11 75 57 74 24 6 73 61 18 76 19 67 96 97 45 73 33 78 65 60 76 57 24 84 86 27 24 18 69 59 36
29 49 16 21 58 17 16 85 40 4 56 92 94 83 92 21 75 21 67 35 40 54 34 58 84 87 97 19 62 18 26 34 72 60 71 98 70 94 63 38 52 39 82 33 12 43 22 73 64 15 16 78 34 68 96 50 29 10 45 9 25 9 13 56 83 2 95 5 74 92 42 18 20 74 91 58 57 15 40 81 99 64 23 95 62 48 82 52 6 7 1 97 65 74 12 94 93 21 50 75 77 22 87 61 86 62 27 72 78 62 80 23 75 4 31 44 72 86 14 35 86 32 14 97 89 63 90 73 43 79 8 90 51 93 25 72 41 15 87 6 6 24 52 86 76 46 62 14 28 74 36 75 17 90 15 53 29 47 46 49 87 86 81 30 0 92 98 16 64 11 59 78 12 55 95 15 15 49 62 94 62 44 37 92 3 14 49 21 49 88 46 69 39 63 97 66 73 75
31 35 8 97 45 19 91 59 79 21 99 88 97 77 40 51 77 49 51 69 94 99 84 83 66 55 6 12 26 34 6 37 69 7 66 39 14 91 81 40 23 14 22 98 52 65 85 34 34 40 30 58 19 9 31 40 41 99 13 73 59 5 49 68 13 1 79 61 40 67 3 4 64 13 70 75 3 6 18 80 60 62 36 7 79 78 19 44 54 66 93 95 97 92 50 14 40 75 80 10 33 40 83 94 76 58 0 20 12 47 93 56 28 56 2 99 16 28 56 32 20 8 59 18 3 13 48 15 63 37 15 24 56 62 49 25 6 94 82 8 38 30 40 94 97 51 81 17 6 53 71 27 12 9 66 3 42 18 90 53 61 22 40 86 18 40 51 56 52 87 5 72 3 96 81 58 74 8 89 91 46 40 22 99 11 32 97 57 52 82 71 43 6 27 29 99 57 24
71 86 41 8 64 38 73 32 72 17 1 17 81 40 96 29 82 26 3 28 14 54 58 96 25 4 53 80 21 41 5 87 48 62 90 82 97 0 38 50 60 25 21 32 36 38 67 78 14 10 65 56 23 17 75 98 87 76 69 74 6 31 37 91 24 75 3 76 96 11 62 95 80 41 91 3 41 55 39 25 89 41 43 49 9 92 83 84 78 48 41 45 43 16 82 81 85 75 84 55 28 93 0 28 32 77 87 51 0 12 80 91 70 82 31 78 27 61 87 30 56 20 2 65 48 43 55 96 42 80 44 75 85 88 92 43 38 15 21 59 72 18 52 32 99 75 13 47 75 1 15 20 63 36 90 21 48 14 80 25 34 93 47 42 86 48 9 22 57 71 39 94 46 49 19 32 48 91 27 43 74 80 86 68 66 58 91 75 33 58 35 49 75 20 55 79 7 65
11 32 91 26 42 13 18 8 19 80 24 71 25 47 86 84 60 5 23 74 36 50 30 20 36 95 40 47 44 78 46 83 48 86 80 27 29 45 30 48 47 50 12 40 98 36 73 22 33 82 3 97 72 47 96 30 61 82 5 51 82 57 67 85 79 66 44 34 44 92 96 35 90 62 56 69 63 62 48 24 70 55 73 54 5 61 39 74 66 44 51 88 83 44 38 51 68 75 74 41 91 59 69 48 67 64 11 94 60 76 75 44 17 70 79 67 93 77 14 7 87 70 89 93 67 41 94 46 62 18 20 42 10 57 44 20 29 28 58 95 6 72 31 8 47 29 53 40 49 2 11 16 44 51 18 9 21 67 1 48 4 60 91 79 30 0 1 2 15 70 65 30 52 43 12 52 70 20 47 51 81 98 1 18 19 89 3 88 14 30 30 37 67 22 51 27 7 99
19 70 85 29 78 44 23 4 96 76 28 74 97 66 87 83 12 94 31 97 79 41 13 83 88 16 0 83 35 10 89 86 43 84 89 60 70 20 62 36 81 40 85 35 41 52 2 20 28 36 49 5 9 77 35 1 52 65 8 32 43 79 67 70 82 63 74 61 48 59 8 91 35 86 40 3 47 88 33 3 75 6 38 43 66 35 51 34 27 46 26 76 22 35 46 55 53 34 56 83 34 88 9 66 21 50 63 57 15 21 81 91 58 62 38 92 11 13 9 34 83 35 54 85 39 4 14 52 79 68 24 21 53 71 37 10 35 7 81 7 63 4 56 64 30 36 63 18 36 12 98 91 93 10 12 96 45 35 35 12 46 57 90 81 73 65 95 9 80 49 82 69 36 99 72 19 83 67 57 95 59 20 85 44 25 7 5 65 42 12 52 29 29 50 8 75 17 91
82 49 93 38 26 51 33 2 39 68 53 79 10 23 78 8 98 2 95 2 60 53 63 57 28 65 10 69 14 38 26 10 7 92 32 89 85 37 89 61 87 45 62 7 26 30 47 82 76 2 78 20 96 1 33 41 56 74 71 21 15 36 39 84 58 36 31 52 60 54 59 46 97 83 27 63 15 46 48 35 89 26 96 67 16 7 15 91 26 67 99 7 63 89 7 65 33 5 11 0 33 87 56 71 8 61 13 85 83 67 89 46 22 46 73 39 93 31 31 75 63 24 48 26 9 51 3 12 50 1 82 0 94 85 72 46 43 10 51 7 40 96 29 48 26 17 80 48 81 7 48 66 56 36 18 80 92 25 46 31 26 33 53 11 53 51 10 77 59 37 55 19 82 86 4 11 53 44 88 37 34 0 61 19 63 12 90 53 64 73 42 51 70 25 27 73 6 51
2 44 69 78 48 23 63 68 42 68 80 4 42 25 55 39 12 97 34 94 15 23 97 52 5 49 26 59 64 34 28 25 31 72 87 16 92 54 92 86 26 68 45 43 16 17 70 60 20 26 3 63 89 41 73 65 50 27 71 49 39 89 97 73 57 98 11 77 27 29 81 48 37 67 36 3 42 99 33 76 30 84 38 10 45 90 58 96 44 94 89 94 83 94 66 73 95 97 34 81 70 44 18 99 6 97 39 42 79 44 29 7 96 12 81 46 62 5 14 21 53 24 10 64 39 24 67 68 88 97 56 22 68 82 4 37 19 94 24 76 97 44 89 14 32 70 0 94 84 52 13 92 44 91 9 69 92 44 75 40 72 42 7 85 79 74 85 1 47 41 35 21 16 34 8 98 77 2 98 44 51 52 45 42 34 85 49 9 5 7 75 2 61 99 39 93 53 22
19 60 34 69 33 62 87 67 27 38 60 0 86 64 71 97 29 53 0 52 46 83 2 39 93 70 14 41 61 83 72 41 20 2 53 72 53 5 68 82 60 1 60 47 99 57 9 13 79 4 31 16 65 62 87 85 95 49 64 89 32 64 93 10 74 60 24 52 27 72 14 12 16 49 57 4 49 69 87 90 21 96 72 60 13 59 53 40 85 25 73 22 66 68 14 51 93 42 14 18 80 49 94 36 58 77 86 98 94 90 14 23 17 14 14 69 53 65 26 53 11 51 12 13 44 23 2 37 51 28 11 15 88 25 76 78 14 8 26 50 76 94 64 63 46 65 53 86 4 60 75 73 84 64 49 6 48 79 97 2 54 44 96 65 93 7 72 3 77 30 81 35 55 53 56 79 53 73 69 45 43 75 75 2 92 41 87 93 7 68 96 91 77 2 13 35 93 73
40 54 94 59 20 94 92 62 9 61 30 2 78 65 32 67 36 12 69 82 16 82 4 84 12 37 42 21 70 65 41 75 62 77 87 79 6 43 26 50 31 85 22 19 75 57 77 52 91 8 77 67 75 45 62 31 55 10 50 89 56 71 25 10 90 9 60 71 40 98 96 13 95 21 94 25 56 77 65 73 86 24 68 64 57 66 32 27 62 66 81 47 54 34 43 82 61 52 85 79 83 15 37 53 12 11 81 67 95 68 77 58 50 12 97 28 32 88 51 40 49 14 32 84 14 15 2 67 42 0 13 33 25 84 74 60 22 47 23 77 63 61 67 39 17 37 5 42 79 86 90 44 28 52 70 7 57 18 80 8 11 38 15 46 82 30 65 62 76 32 48 19 3 40 80 1 35 55 94 29 31 80 13 2 99 86 32 26 93 31 84 15 98 26 67 95 72 44
93 95 56 49 63 50 22 6 81 40 9 19 87 49 23 26 97 84 24 85 80 78 14 96 43 36 80 68 28 39 74 70 54 84 46 89 14 75 74 35 14 25 45 63 25 73 7 8 14 65 73 89 40 24 6 66 44 20 46 72 6 56 59 57 74 51 40 60 47 9 34 84 83 54 99 51 33 88 32 30 10 38 88 55 98 83 37 17 58 46 25 51 92 13 17 77 0 26 88 31 90 88 24 84 30 22 47 42 14 78 76 69 48 37 56 86 71 96 92 82 37 43 88 83 35 76 64 1 91 2 89 4 79 6 2 71 64 62 31 47 54 74 14 57 52 27 13 84 39 83 52 33 29 85 83 10 79 61 26 28 49 51 1 84 20 91 16 49 15 28 43 51 21 24 11 20 51 5 81 12 25 3 47 93 86 18 17 53 39 50 67 12 91 41 8 0 94 66
77 80 98 34 50 24 6 92 9 32 39 15 99 51 16 96 97 95 24 79 25 6 33 94 78 30 99 9 51 7 1 52 21 67 83 75 84 28 64 34 28 71 51 16 4 87 42 95 49 46 86 60 38 76 8 38 17 35 66 62 99 88 62 47 12 6 0 22 57 92 7 35 72 97 51 78 85 68 51 45 6 18 74 5 38 54 45 68 36 7 31 36 58 36 61 35 69 86 14 54 51 52 53 25 1 3 46 6 56 45 74 60 89 81 81 16 20 43 11 79 99 6 65 41 78 14 4 54 16 48 26 64 58 70 67 83 35 40 78 83 74 34 76 59 94 73 17 20 74 81 54 37 50 93 16 39 63 98 25 65 10 24 27 81 50 82 90 7 13 16 79 27 95 51 91 56 23 37 7 55 2 81 29 68 44 27 68 62 77 24 19 29 22 3 73 78 28 7
57 19 21 11 26 66 97 51 64 22 71 2 13 19 15 71 37 62 40 28 8 17 7 66 91 98 29 59 20 38 83 54 61 63 17 5 35 67 32 4 89 70 94 55 99 96 80 76 30 64 25 13 58 32 71 39 80 79 66 65 36 65 11 69 34 77 5 53 97 21 45 19 43 88 72 75 94 17 0 9 32 97 90 89 14 84 59 84 84 49 19 94 94 2 97 66 61 93 74 82 48 72 80 2 92 76 33 46 34 12 65 47 24 50 1 76 66 93 88 65 3 2 88 37 80 40 36 67 89 36 18 55 16 56 0 67 27 61 55 84 85 41 65 94 6 51 71 64 65 86 19 68 29 31 15 16 45 54 47 96 66 60 52 79 30 46 42 37 7 87 36 95 72 50 12 17 81 2 76 98 62 23 51 50 19 85 38 76 82 40 78 33 44 62 10 60 47 73
58 74 21 88 99 38 90 32 95 72 28 76 59 3 28 84 70 98 95 52 63 94 80 22 13 52 4 97 91 84 96 58 70 52 51 56 73 56 40 43 89 97 37 10 58 59 72 43 32 41 51 92 28 71 46 97 53 0 33 55 56 31 10 32 21 99 22 28 51 24 32 70 44 12 99 47 56 48 61 28 98 42 19 15 22 31 47 9 12 17 86 46 16 95 13 55 16 79 27 46 65 20 12 46 37 75 5 58 92 83 61 66 8 68 12 28 68 11 29 18 90 11 21 82 14 49 96 35 93 12 95 65 90 69 50 51 54 23 19 45 34 38 39 12 54 98 31 70 53 17 49 47 64 78 26 1 37 60 84 81 19 22 28 94 94 2 6 31 64 99 19 25 85 10 2 62 85 29 87 43 54 67 30 23 7 99 26 16 17 9 7 77 73 36 31 57 59 19
70 91 2 0 36 71 26 31 46 2 25 65 37 13 80 69 31 66 68 44 58 28 98 35 49 75 98 34 43 6 60 97 82 55 18 15 84 86 48 19 52 81 91 22 95 71 95 64 84 40 44 75 62 56 1 7 59 31 88 93 77 51 16 0 48 82 15 7 14 68 55 30 4 0 22 17 35 29 11 78 2 25 82 5 41 82 44 82 95 31 47 11 72 51 96 53 87 91 98 90 71 72 90 8 82 45 35 60 87 88 98 38 62 15 67 87 42 76 66 50 47 35 21 2 54 75 73 33 39 42 44 39 35 20 68 83 15 61 69 33 52 49 68 9 33 27 94 3 25 63 4 85 12 22 0 71 27 84 4 99 35 94 89 82 10 72 91 27 58 44 57 25 24 36 13 42 33 15 74 68 31 15 23 18 9 79 92 4 82 31 32 13 46 96 55 98 60 6
20 46 32 64 76 74 27 85 34 35 70 54 26 32 34 9 32 58 84 11 95 38 18 32 0 30 42 22 57 43 85 5 33 77 32 36 81 23 73 85 44 52 3 25 20 99 12 89 45 81 74 2 11 86 77 26 21 32 58 85 29 2 7 28 53 87 93 8 22 40 75 99 84 80 12 54 11 53 6 61 46 69 79 10 67 26 0 47 20 95 17 46 73 59 19 44 35 73 8 82 48 64 88 99 92 14 90 68 25 31 64 16 98 46 43 55 32 90 12 8 47 92 96 90 64 19 79 37 82 50 8 62 81 59 19 71 22 64 73 91 83 68 28 73 39 71 63 15 1 10 92 61 78 47 24 33 18 82 65 7 49 10 56 81 90 92 4 27 60 96 85 66 74 68 13 28 17 32 97 31 97 64 58 49 72 44 10 57 47 63 38 41 94 39 20 11 51 63
69 49 21 90 39 83 46 54 50 0 3 24 32 20 81 82 4 50 86 56 57 40 66 34 42 35 55 91 19 13 74 20 96 81 51 99 72 91 16 76 52 80 16 94 39 75 42 23 52 61 50 74 65 38 3 17 41 78 79 2 42 90 72 9 76 43 74 28 19 39 16 55 54 45 50 98 64 61 78 90 55 66 87 27 10 25 61 39 69 55 33 98 65 92 74 97 16 54 51 6 72 89 61 73 32 59 77 51 48 92 3 56 84 0 50 85 72 39 95 67 35 11 52 90 79 46 75 70 51 72 87 56 63 45 58 91 88 56 80 71 31 56 80 12 82 17 51 18 44 22 26 74 6 15 24 92 22 25 29 83 51 3 14 17 1 51 45 62 69 67 72 68 0 51 40 3 45 60 47 76 37 65 7 97 73 93 5 76 36 78 25 74 54 53 68 30 8 39
95 40 24 64 28 37 60 7 81 0 54 31 46 73 89 15 73 91 21 34 34 4 67 29 57 84 28 97 83 35 42 7 73 20 2 83 72 25 45 70 94 22 17 21 83 24 97 49 56 72 55 97 34 40 6 97 51 81 8 7 62 65 12 23 45 28 99 88 16 28 88 25 28 14 23 71 73 48 62 54 69 94 83 78 20 36 74 28 87 39 71 52 66 40 81 69 53 49 21 62 58 24 10 15 77 42 79 20 3 86 13 85 47 38 76 10 30 60 59 87 92 26 70 33 97 24 38 49 63 28 57 8 73 94 93 79 41 7 11 72 43 68 49 89 24 20 75 59 68 89 93 50 82 77 28 96 61 58 25 64 17 80 7 23 20 23 87 20 86 36 97 26 13 4 97 18 6 90 24 67 88 32 1 97 62 24 98 67 44 98 9 41 51 19 24 5 27 20
82 84 48 24 5 51 74 58 15 81 82 70 60 88 72 92 36 2 52 5 79 10 72 25 49 43 92 80 12 83 24 97 75 1 91 80 48 34 61 5 16 58 69 20 76 99 17 78 44 41 31 45 54 26 53 48 69 3 87 95 98 19 68 90 9 93 79 13 87 38 91 64 18 61 54 96 54 66 56 35 81 76 87 93 92 78 17 35 34 43 6 98 59 28 45 14 90 78 58 83 44 36 47 79 30 66 32 60 54 73 60 30 81 98 10 75 82 83 88 4 50 49 44 14 57 66 65 14 35 11 14 83 63 95 45 20 67 19 29 69 55 34 78 86 42 87 98 5 77 89 14 78 6 34 72 71 46 74 23 5 21 10 87 30 60 8 59 73 78 0 87 7 99 77 9 85 92 75 22 37 62 51 86 39 6 94 14 30 33 38 20 27 6 30 8 22 40 6
20 45 25 65 93 35 71 45 26 0 41 21 82 50 78 30 93 88 18 46 23 88 30 57 53 55 23 58 68 23 30 8 15 23 55 94 24 2 86 83 59 94 81 97 32 88 31 60 63 48 84 83 53 48 91 54 13 64 72 25 81 29 14 93 56 82 53 52 84 5 4 87 92 87 53 12 80 8 89 21 75 45 90 99 82 25 9 61 83 8 42 87 84 7 39 79 81 18 10 27 57 74 12 5 42 65 17 79 9 50 88 12 43 86 37 24 46 73 47 38 45 97 3 91 67 28 56 77 44 18 76 55 19 28 32 96 91 33 62 75 19 34 15 49 11 93 36 37 41 70 5 95 23 85 23 81 91 53 53 39 79 69 19 64 39 98 65 31 53 47 16 51 51 91 2 65 93 6 99 48 88 19 58 22 48 70 97 1 25 12 48 66 93 26 27 88 40 74
29 85 32 67 39 68 61 58 37 52 22 21 32 59 56 53 53 32 53 22 22 46 52 16 30 12 82 51 55 85 28 93 95 70 18 82 48 52 87 72 70 32 38 16 6 99 50 9 63 75 11 86 85 80 25 52 87 77 1 73 16 99 60 81 47 30 16 53 36 7 45 17 95 3 13 35 90 25 62 41 4 97 18 27 39 18 21 49 11 92 69 15 85 79 39 12 88 52 32 39 16 65 69 98 24 18 94 29 74 57 32 36 20 34 15 96 64 83 74 5 81 74 54 78 16 69 76 35 10 50 13 16 66 11 87 8 15 9 61 54 40 3 28 86 34 17 30 4 20 33 34 69 44 78 46 41 73 47 20 14 15 85 52 5 63 61 69 89 71 55 13 26 92 91 98 0 63 32 19 38 9 87 64 96 31 23 42 46 63 2 43 19 99 84 22 91 65 23
58 9 71 11 28 43 62 95 55 85 48 62 16 97 96 24 25 31 74 68 75 87 70 66 89 92 81 1 90 18 96 44 57 36 39 68 62 80 6 37 62 93 52 26 72 43 22 76 64 40 81 95 50 31 33 78 49 3 11 15 32 98 61 24 45 94 20 33 38 95 62 11 68 20 32 23 11 42 60 35 3 88 12 1 73 2 5 27 45 66 59 88 10 89 42 8 37 0 9 27 41 35 59 29 52 99 68 34 68 25 4 35 87 89 63 34 93 47 6 45 82 33 26 18 30 34 71 97 40 62 7 59 7 20 93 56 25 55 24 89 13 58 97 36 21 62 62 37 87 54 51 35 86 59 27 18 77 89 91 87 65 25 33 62 18 89 96 14 62 46 73 26 81 19 23 67 76 78 67 62 43 25 28 83 84 88 35 20 53 68 69 18 37 77 5 79 13 17
64 42 10 69 32 39 4 69 81 30 48 34 57 84 91 52 6 52 38 73 85 65 13 84 20 55 41 77 55 38 38 87 28 39 57 37 38 7 40 3 14 15 67 92 79 80 9 56 31 57 99 17 19 93 86 51 92 82 99 54 29 71 47 93 87 41 94 68 34 1 41 86 80 56 47 60 89 88 81 50 46 58 17 72 36 95 98 25 77 74 81 29 86 70 53 54 71 5 54 52 79 92 46 41 2 77 29 96 48 49 37 88 99 33 61 44 24 56 63 98 45 39 57 26 98 66 49 92 19 85 78 71 92 64 93 0 83 71 85 57 10 86 70 43 44 87 27 38 40 27 22 88 95 7 35 12 27 39 68 85 21 64 9 97 13 59 62 94 87 19 44 23 15 71 85 18 40 66 71 11 76 14 8 92 52 79 16 95 87 92 15 93 55 12 36 75 90 96
71 2 91 30 47 10 51 5 55 6 48 87 76 90 29 19 39 80 27 1 70 69 19 67 61 16 80 73 32 49 33 4 60 98 31 57 35 98 91 52 18 95 91 98 15 43 98 38 38 20 8 49 81 24 41 34 42 31 92 66 26 84 4 26 49 23 32 3 93 11 96 37 86 75 40 30 58 23 9 34 49 25 41 96 67 22 91 87 76 64 74 22 76 1 69 16 91 65 76 28 15 13 95 50 68 55 66 41 55 64 95 84 84 93 51 88 55 89 31 72 49 59 95 45 35 77 15 60 28 12 24 41 60 44 7 1 86 64 97 88 36 69 67 93 69 50 8 82 93 98 64 93 94 30 49 79 0 57 76 85 62 84 2 64 63 91 41 20 53 66 78 95 83 36 23 14 72 86 21 30 23 93 54 6 48 17 38 10 46 6 51 72 56 89 99 76 73 58
59 89 52 47 26 73 31 16 29 72 17 83 2 42 46 81 30 75 57 68 68 10 66 81 23 50 46 90 60 34 96 46 70 94 20 53 4 40 73 2 96 53 48 69 35 23 40 5 6 99 66 27 22 47 90 93 32 86 70 95 15 95 60 13 66 9 14 16 55 57 2 71 18 37 84 74 87 64 6 1 88 66 52 81 84 4 91 26 82 47 38 52 99 23 67 65 46 89 18 89 33 30 67 99 80 92 85 20 97 99 68 33 73 78 98 37 86 59 64 99 57 28 46 92 7 20 52 76 49 68 18 68 89 79 57 40 49 17 46 45 8 4 27 64 51 72 0 53 81 95 44 66 59 29 73 62 29 3 16 39 41 68 12 43 24 92 56 90 61 53 18 54 47 21 37 58 25 55 19 79 57 73 63 54 45 16 12 86 77 59 33 48 41 13 18 36 11 55
42 51 10 49 96 46 37 78 88 97 72 22 6 64 24 16 65 97 29 72 25 35 19 6 32 37 47 76 78 73 39 26 95 85 17 23 71 63 0 20 56 28 47 28 67 41 33 97 81 2 72 30 28 27 82 24 55 15 6 13 16 57 11 39 43 82 19 61 58 26 78 81 23 36 90 81 47 5 7 12 92 10 18 30 62 31 53 8 53 25 6 87 33 60 54 98 39 94 40 21 29 24 1 26 41 89 63 67 34 0 15 66 59 9 70 44 19 47 29 28 93 66 85 11 77 76 13 96 45 50 3 37 78 14 3 31 23 6 10 40 28 69 38 40 89 5 7 66 9 2 66 78 51 53 74 52 52 31 48 67 44 45 7 68 78 51 84 19 5 91 7 99 83 15 42 86 89 75 51 44 20 39 80 79 15 29 39 7 79 93 88 7 47 10 98 7 4 51
53 92 93 85 44 11 58 95 79 49 13 38 6 47 61 51 41 7 53 56 53 51 19 87 46 0 9 55 4 46 22 11 39 94 43 84 55 32 28 10 28 18 46 45 91 56 86 41 3 49 64 13 96 9 23 84 99 23 23 11 59 45 23 96 79 69 92 10 37 83 56 76 11 79 92 97 74 92 91 23 46 55 46 31 50 65 46 38 95 78 53 95 7 48 68 1 19 24 21 40 34 59 40 10 17 98 76 67 81 29 52 7 12 55 5 36 17 73 55 71 77 37 33 43 29 39 6 53 59 15 19 68 14 10 0 75 34 8 91 19 97 70 27 34 30 4 78 88 85 34 20 26 57 65 23 57 72 13 86 90 71 80 94 68 67 60 95 2 27 16 63 17 66 6 35 25 89 43 82 10 54 34 9 26 83 92 35 27 22 62 42 41 68 17 92 36 41 91
2 77 41 83 9 2 70 16 75 95 4 2 62 52 83 15 85 41 83 45 28 88 47 83 21 51 93 56 13 52 92 38 27 62 49 8 16 5 96 41 6 97 33 4 83 44 36 41 22 14 4 20 48 59 55 86 54 5 0 93 45 30 89 40 73 23 3 83 39 67 63 24 74 96 36 79 69 25 18 27 96 87 35 71 91 59 66 71 86 23 32 24 96 69 19 4 92 41 35 92 4 22 63 8 61 64 90 38 20 88 78 41 80 32 37 5 67 58 95 58 71 76 20 10 24 27 5 27 88 46 84 71 7 95 93 71 96 99 35 91 41 98 98 4 12 58 51 19 1 94 64 45 57 82 64 50 72 41 29 93 79 31 82 38 68 91 74 97 55 74 85 43 6 11 67 69 69 60 60 53 24 41 76 65 69 94 55 17 57 81 74 26 34 76 84 42 81 89
82 10 99 40 45 26 71 26 22 94 45 77 12 28 54 74 39 97 86 84 45 20 39 11 25 83 14 33 66 23 48 49 86 16 41 13 86 23 47 85 70 96 18 0 31 85 22 48 44 2 85 75 86 83 19 45 8 44 61 59 0 98 67 23 28 3 50 91 46 32 9 37 27 32 20 85 45 73 79 7 44 69 5 28 1 84 96 19 60 92 77 28 4 95 36 29 89 16 34 81 13 38 34 35 46 85 60 86 17 4 74 44 20 89 96 55 68 18 40 55 87 75 24 21 3 82 42 89 80 4 53 75 7 82 0 45 71 52 19 43 37 15 30 39 90 28 57 43 78 44 19 80 72 78 34 13 29 26 40 88 58 68 64 13 42 76 85 93 65 30 91 80 62 77 33 20 30 20 19 13 88 63 22 55 56 15 77 9 82 24 75 51 80 6 13 59 44 0
10 79 12 14 14 53 1 41 94 19 93 69 22 29 84 37 80 85 26 37 2 18 91 42 1 97 71 33 1 83 48 25 18 75 22 72 95 44 46 60 27 7 1 49 63 92 18 48 64 55 48 22 23 56 57 13 69 81 35 72 98 88 45 35 64 27 0 68 36 81 48 67 35 50 60 63 2 71 70 30 93 51 17 58 5 54 30 3 38 83 36 16 3 82 90 40 44 18 65 44 26 21 68 3 1 98 76 61 20 16 66 11 16 65 96 44 89 80 44 43 9 10 88 77 66 53 87 96 86 53 69 40 18 10 26 32 14 58 72 94 24 28 80 31 28 62 99 67 89 96 68 91 56 63 14 65 52 60 74 26 6 64 7 4 78 44 73 5 53 47 8 88 59 22 27 75 24 5 96 13 44 34 2 1 24 1 65 15 79 3 75 39 65 84 1 92 76 65
81 51 44 11 49 4 82 11 14 83 35 31 86 7 1 27 2 9 79 71 53 30 19 63 81 77 56 33 72 88 15 84 22 46 11 52 30 99 44 65 81 23 84 9 14 95 8 68 88 75 10 62 31 30 61 99 67 12 81 89 36 73 35 82 46 91 43 80 42 38 67 87 55 57 11 24 74 91 17 25 11 6 24 47 85 48 98 78 88 3 89 32 79 88 35 84 64 46 86 76 54 25 67 88 60 52 43 14 62 48 17 28 45 59 40 42 0 6 91 25 52 16 11 1 13 38 90 91 7 4 43 67 97 66 26 46 98 82 55 25 39 19 11 79 63 1 69 50 33 65 20 39 50 35 7 46 41 14 97 69 19 42 68 62 45 70 60 58 21 33 37 29 18 49 60 29 73 93 64 88 52 73 81 64 60 45 85 79 3 94 92 30 34 71 96 14 52 5
38 11 80 99 44 56 94 72 9 82 5 97 15 70 98 20 22 32 54 56 32 3 13 1 37 86 67 3 72 29 80 39 2 87 45 65 46 28 31 19 91 79 76 13 80 20 10 70 41 74 83 86 22 42 31 7 27 68 30 77 14 32 71 30 80 70 60 69 32 76 28 40 74 21 50 53 4 17 89 49 94 11 71 97 34 92 78 39 55 73 3 0 76 36 66 26 56 96 76 43 88 1 39 71 3 18 74 75 24 93 25 97 21 57 28 91 61 7 65 52 81 49 5 34 76 50 32 39 36 85 51 96 70 90 27 34 50 84 92 6 6 63 38 95 39 4 5 9 93 55 12 2 48 31 83 62 8 96 35 97 32 66 26 74 83 2 47 6 23 32 39 2 33 23 74 55 85 64 32 72 59 58 46 39 62 16 81 2 41 58 67 69 35 65 96 32 31 72
75 4 47 37 11 40 37 28 31 20 34 72 23 24 91 58 51 22 91 4 69 16 58 60 5 27 74 77 26 47 21 58 91 87 60 43 85 47 64 94 66 29 94 7 86 57 38 82 18 47 18 4 95 81 71 77 79 70 8 25 49 73 2 97 97 84 19 38 14 10 19 77 65 84 70 91 32 58 77 81 68 92 16 75 5 18 56 83 59 42 41 71 20 76 67 10 24 47 91 13 48 5 80 27 93 54 78 98 70 39 12 48 6 8 1 30 93 24 76 25 11 91 89 5 9 96 18 46 24 44 76 16 52 23 38 66 7 8 67 32 97 91 73 41 72 93 51 18 19 99 90 87 70 53 18 30 50 58 88 85 72 17 47 33 19 4 98 72 36 9 74 9 0 30 3 30 75 55 84 61 23 42 68 82 30 62 46 15 45 25 63 30 86 87 70 56 3 35
73 37 66 74 71 65 53 66 80 92 62 28 56 18 52 62 91 38 54 94 50 15 43 66 78 16 34 61 18 29 1 55 45 72 19 77 83 37 37 69 41 79 33 23 28 2 64 73 25 40 8 42 59 62 42 27 99 97 95 52 77 13 47 28 26 87 87 91 46 2 3 54 15 85 5 60 62 25 13 8 84 28 71 63 30 88 33 91 25 89 8 62 31 36 26 39 58 2 71 28 71 5 38 35 18 10 93 69 14 17 57 97 8 55 46 51 62 75 60 90 55 9 94 35 86 12 67 6 38 30 16 65 7 28 81 29 69 36 92 62 71 76 94 28 67 0 75 11 67 18 70 21 35 20 44 8 97 24 75 15 26 4 6 22 18 95 82 86 7 79 10 48 81 96 35 99 70 64 84 98 62 37 62 72 2 66 27 68 12 25 61 5 49 75 79 14 32 69
20 96 27 13 97 34 68 49 39 88 86 19 69 43 68 90 2 65 57 37 28 18 53 87 92 54 10 89 22 25 86 61 65 48 62 49 48 47 97 24 84 59 78 86 66 42 18 20 5 3 39 36 89 48 22 64 85 15 47 44 39 21 47 83 58 92 50 91 73 75 12 23 71 88 79 24 74 30 86 56 42 70 39 26 35 50 46 30 64 79 18 55 79 82 65 88 75 97 24 43 1 27 16 85 45 56 95 17 6 77 33 76 32 62 24 65 99 9 97 67 12 36 72 75 57 65 54 64 76 49 49 44 9 49 77 94 40 60 12 51 77 42 42 0 42 48 63 30 80 28 39 93 88 29 4 77 54 8 63 38 37 14 87 22 5 12 98 20 81 97 13 56 97 59 23 31 86 17 48 63 83 41 52 11 56 65 71 15 7 9 42 91 57 52 40 86 18 24
48 76 2 29 29 71 56 0 22 68 40 30 29 31 14 67 99 31 60 88 90 37 65 38 10 64 22 28 59 34 26 81 8 65 44 18 59 89 56 86 3 85 97 26 49 29 55 14 1 58 85 44 43 60 52 19 4 75 15 84 40 92 80 3 80 20 58 40 57 64 32 3 56 17 3 98 59 90 73 18 86 77 85 19 8 98 78 49 46 96 41 15 22 36 3 50 7 57 50 61 67 56 69 57 47 53 69 70 96 4 63 46 54 25 17 27 29 54 33 96 15 82 86 40 40 25 16 43 30 11 91 45 32 6 12 92 68 87 3 72 98 59 37 23 25 95 30 26 7 94 76 46 76 67 24 29 25 39 74 77 18 51 64 91 83 43 49 83 22 30 36 9 85 66 47 32 4 5 84 57 17 42 14 21 79 58 78 64 85 78 93 5 62 50 13 99 29 35
36 29 18 27 6 3 34 52 6 47 29 30 26 24 20 66 23 52 46 27 3 91 85 23 26 21 35 14 88 75 3 27 44 8 27 11 86 14 59 10 83 96 82 67 67 27 10 75 7 96 25 26 54 62 80 46 49 4 30 26 98 1 42 7 41 61 46 79 79 33 11 92 30 22 64 76 64 11 3 81 23 31 2 93 77 3 26 27 47 90 61 31 70 49 22 51 38 30 5 30 14 31 28 96 8 36 55 72 5 16 17 4 57 3 40 45 9 21 19 21 65 6 80 97 39 2 80 66 62 80 36 94 60 98 50 18 68 90 55 13 26 23 55 71 11 78 55 39 11 12 95 7 69 96 37 52 45 9 10 0 73 4 32 61 73 11 20 87 51 48 99 7 96 13 52 10 94 53 74 28 63 5 58 78 56 84 73 1 89 23 92 43 96 29 24 84 76 15
9 40 60 6 0 52 63 24 60 77 40 87 5 38 30 85 51 11 78 5 0 2 57 75 35 89 9 15 5 88 34 95 8 9 4 86 79 38 53 31 93 26 70 29 22 64 73 87 72 95 32 68 47 38 76 85 5 7 3 18 97 53 96 57 60 32 84 38 12 32 1 74 27 74 22 14 41 65 34 62 97 60 38 90 50 40 79 59 41 5 33 84 10 35 5 23 64 43 94 96 60 13 1 83 4 34 4 20 80 98 48 93 30 81 77 71 77 89 74 32 67 58 48 5 51 25 69 5 85 40 57 44 55 8 82 63 51 97 42 1 54 71 48 46 85 82 1 92 40 16 27 49 85 77 5 21 10 91 41 17 67 70 37 82 61 20 9 99 96 51 69 39 40 5 77 34 49 56 29 62 19 29 48 80 28 99 85 22 45 69 36 5 64 3 66 45 89 2
98 37 21 36 9 54 62 0 49 88 7 42 35 66 49 87 57 73 99 65 89 66 24 56 71 30 37 67 73 92 97 41 70 10 18 98 94 46 83 7 61 17 93 1 96 30 62 32 45 42 22 89 26 42 99 45 18 3 27 64 82 81 74 87 69 42 11 9 63 80 53 98 22 45 72 31 6 68 76 19 19 54 58 12 40 68 86 35 28 78 33 58 98 73 12 63 72 7 13 9 9 48 89 14 88 38 72 79 68 84 75 70 66 71 91 26 72 94 97 74 1 8 11 60 47 63 20 4 44 16 61 92 26 49 79 16 26 85 18 75 5 42 50 28 29 86 21 87 89 2 59 84 24 55 18 22 60 23 42 58 51 65 9 89 0 18 90 15 84 93 28 64 19 20 8 72 39 64 43 2 30 56 77 72 25 71 12 34 87 15 45 95 18 52 50 7 82 19
1 79 76 91 66 21 62 86 46 52 76 74 64 35 19 63 48 88 9 45 96 12 44 3 74 83 38 62 44 0 47 26 56 93 79 84 56 78 82 91 6 13 75 18 95 87 5 72 78 75 31 94 69 61 63 87 74 50 85 93 83 52 2 52 31 90 74 7 21 62 42 19 22 16 23 69 73 66 20 92 29 30 80 78 18 98 52 90 90 92 39 27 31 71 16 67 36 12 76 68 79 62 14 75 81 76 7 25 99 78 28 55 89 20 10 60 77 74 24 55 53 12 23 83 56 33 78 4 90 55 67 15 5 92 13 70 60 62 18 96 54 32 79 63 94 97 0 74 75 49 44 37 64 41 99 59 57 60 13 76 32 17 40 74 58 27 63 55 64 27 15 87 51 36 4 65 63 27 11 3 88 16 32 75 83 75 15 8 43 55 29 99 82 34 54 9 81 26
3 83 93 29 9 0 96 66 28 3 14 29 25 79 83 71 26 29 48 0 93 30 76 35 25 69 61 68 43 81 84 70 81 58 77 27 70 13 76 66 70 33 69 81 11 83 37 0 32 1 89 25 64 40 29 99 72 24 61 74 97 99 36 5 47 7 61 8 4 32 50 79 61 23 67 12 46 57 6 26 32 70 1 83 31 90 20 43 0 51 31 24 92 29 76 75 21 28 81 66 20 85 81 63 0 26 0 16 62 25 59 28 22 9 99 61 29 1 41 70 86 35 10 76 39 26 80 22 15 57 26 36 81 53 12 51 1 94 0 2 34 91 49 33 95 45 45 88 91 38 19 47 70 27 73 17 73 58 6 81 45 46 29 87 52 29 65 91 65 98 47 9 64 98 45 83 66 55 42 54 6 56 24 95 78 43 54 65 33 82 29 65 81 60 76 18 83 44
33 40 25 11 91 92 1 27 34 21 2 17 99 36 59 91 4 73 5 22 27 2 78 26 10 54 3 40 45 65 59 81 54 24 73 59 65 77 32 82 39 6 59 37 65 30 42 35 49 79 77 16 29 72 41 80 75 85 29 21 2 70 64 60 87 58 99 23 56 77 25 13 43 6 82 96 40 0 19 76 59 51 58 66 77 97 65 3 53 8 28 87 31 78 3 69 14 47 72 86 85 90 50 82 39 77 47 6 13 47 7 6 57 35 85 40 6 94 57 62 67 20 39 5 84 92 8 49 77 53 38 17 59 27 91 98 49 61 13 83 74 78 57 59 32 88 15 0 44 83 47 72 12 18 12 57 23 12 72 80 47 52 48 46 67 48 9 50 31 67 36 68 54 29 47 35 93 1 71 65 70 64 57 31 63 30 8 32 47 58 58 95 55 37 76 71 89 92
27 19 77 4 17 34 30 92 1 63 12 45 93 97 80 33 36 96 17 51 16 28 26 12 40 26 55 74 39 11 88 15 64 49 92 68 62 95 48 20 36 42 7 5 48 13 84 2 31 79 67 94 89 8 31 99 29 61 30 38 17 41 80 64 78 38 46 87 34 12 23 2 56 7 52 72 44 70 61 58 35 9 49 26 57 4 74 37 42 34 49 63 50 29 98 47 11 53 88 32 25 36 67 97 53 12 82 94 54 94 75 9 61 87 32 90 26 70 30 34 69 3 86 30 3 9 23 95 66 88 94 59 46 43 87 12 14 9 66 17 18 42 84 83 7 27 17 8 66 79 8 95 6 46 22 66 36 0 81 87 49 19 63 10 53 85 76 74 72 0 9 8 94 34 19 73 82 24 65 14 98 26 26 76 71 27 68 21 12 4 28 94 77 48 89 60 91 77
51 95 59 70 24 26 84 66 55 92 10 61 22 97 38 0 39 45 81 23 20 4 4 37 30 13 33 7 62 84 91 24 80 95 34 76 25 58 68 2 83 65 67 59 42 17 85 92 45 59 94 35 4 44 68 11 15 67 8 30 49 29 6 31 63 16 26 30 40 38 2 71 59 0 66 72 38 92 4 21 24 28 36 91 47 89 2 96 34 59 99 95 50 1 57 88 64 75 16 32 59 90 65 10 93 77 41 12 49 24 5 34 68 74 72 18 76 41 54 73 21 78 87 52 46 10 10 58 84 32 82 34 79 32 42 98 4 60 59 56 16 73 7 28 65 32 83 86 1 83 9 49 4 68 26 92 2 34 43 88 14 74 16 77 95 81 64 30 56 53 69 59 22 34 3 17 42 89 28 6 40 88 26 89 45 35 11 48 32 26 40 19 32 95 3 27 87 65
58 34 54 48 74 60 10 60 89 31 22 28 21 80 67 51 68 17 10 67 24 82 61 67 41 53 41 16 2 37 40 47 10 76 25 44 60 44 56 13 38 5 19 38 3 82 51 27 60 3 12 47 66 72 61 75 71 66 60 9 27 91 20 88 29 73 1 80 18 82 50 81 81 65 91 49 22 99 11 67 41 59 26 30 67 42 83 32 42 50 93 19 31 8 24 4 56 91 33 41 77 96 86 9 61 20 64 85 41 77 63 64 22 31 95 36 62 23 11 80 56 57 63 51 9 87 84 54 92 57 84 67 47 27 14 56 35 29 11 90 96 15 30 97 18 62 19 29 23 34 43 46 42 19 81 55 95 19 57 39 70 42 52 62 24 2 28 10 94 51 9 0 78 21 79 30 69 42 61 32 72 51 55 98 52 43 6 79 3 41 86 30 7 51 68 72 45 3
47 0 31 43 8 77 21 43 3 45 31 92 13 70 38 68 34 27 48 88 89 19 7 73 7 46 15 83 18 88 9 94 5 51 33 50 7 3 89 1 80 59 48 17 37 39 85 63 73 74 28 5 65 92 92 8 56 59 71 36 1 5 91 14 39 44 4 64 53 7 5 10 97 7 28 90 9 33 35 82 4 66 92 48 59 30 25 64 93 81 64 67 84 53 95 4 8 2 60 90 61 70 83 40 13 75 99 70 41 48 9 98 94 55 34 20 79 21 54 91 92 56 87 83 48 61 81 41 61 69 68 65 94 28 89 91 10 64 3 40 96 89 34 5 94 23 86 47 28 56 29 23 57 39 22 81 88 76 41 24 35 56 56 58 71 26 83 32 85 41 23 6 39 51 78 6 77 11 52 41 97 16 71 5 49 4 72 0 12 2 10 47 62 73 10 83 42 92
92 42 16 3 6 94 69 26 41 19 98 23 20 59 53 80 76 32 88 1 18 56 67 99 35 40 41 85 84 96 45 62 51 60 27 59 6 59 51 3 6 84 73 50 69 14 51 36 76 22 93 7 58 97 42 4 57 37 44 41 4 20 59 76 54 3 0 85 73 87 81 96 66 35 45 6 86 80 57 25 84 57 55 21 72 48 43 57 3 8 29 94 47 13 64 51 74 15 97 29 79 82 68 33 77 49 57 78 15 89 28 73 10 76 99 54 1 54 12 72 6 54 1 19 80 41 75 94 7 12 84 89 44 90 12 91 12 95 26 3 24 89 73 32 65 63 78 34 38 62 11 28 52 84 39 61 89 98 12 94 5 76 13 45 3 9 35 54 21 82 83 33 2 50 12 71 52 17 96 33 88 31 78 70 6 46 49 56 41 61 21 40 63 57 56 40 98 30
32 73 7 1 98 45 24 46 58 61 20 49 4 63 65 8 54 81 16 32 99 40 75 96 67 64 66 57 57 85 54 43 31 59 5 13 45 34 42 48 96 44 43 38 80 37 25 8 91 33 8 88 49 40 11 5 10 31 97 39 27 96 80 29 65 39 50 57 52 64 17 21 8 6 23 22 59 82 99 0 75 21 41 13 15 74 72 25 12 40 90 57 96 36 61 64 3 59 74 51 29 9 59 25 8 26 76 57 62 21 48 14 57 23 81 86 23 14 36 9 51 61 70 78 18 91 71 72 2 23 36 83 65 24 78 30 93 33 19 31 57 75 24 1 60 0 53 0 72 61 35 89 61 95 96 43 56 53 84 4 79 97 63 78 72 77 53 25 75 34 2 94 91 78 30 68 89 25 39 55 94 87 66 5 55 47 78 96 29 28 92 63 23 32 50 69 65 21
64 73 86 10 34 44 65 72 21 33 24 92 72 4 83 61 79 34 34 5 38 68 9 45 22 70 15 75 2 23 2 10 37 9 8 32 19 31 28 36 88 77 90 6 49 83 95 83 59 89 66 18 63 89 37 67 38 28 25 75 98 38 30 53 85 58 43 68 25 30 39 21 18 6 15 11 10 48 87 17 80 60 61 40 73 71 84 25 74 82 58 68 75 60 41 52 12 27 83 20 95 69 96 40 94 35 8 99 29 1 73 6 32 69 13 73 97 5 54 83 19 78 71 41 55 66 50 1 71 69 81 15 68 71 27 14 16 5 34 91 89 56 46 90 8 62 51 8 37 95 19 89 75 76 21 25 60 26 10 82 69 1 3 25 80 87 35 58 24 73 80 93 10 40 47 2 95 5 69 59 22 18 24 42 57 64 6 75 0 6 72 69 7 48 46 88 6 12
69 92 36 45 13 52 5 97 54 49 9 34 95 31 77 12 7 5 18 34 71 33 38 49 12 63 22 8 88 44 97 57 97 98 55 91 82 86 9 87 25 11 71 5 50 26 25 40 79 19 86 71 17 87 4 82 90 20 54 13 67 90 99 70 47 48 98 1 46 86 75 0 74 28 12 27 91 30 85 24 29 94 11 66 14 49 58 72 51 80 48 28 54 85 94 2 75 9 90 79 3 29 71 76 57 15 35 33 94 43 71 41 61 42 12 59 3 8 29 21 78 88 58 68 28 8 79 5 29 81 84 9 12 73 88 45 56 2 9 39 93 8 93 66 97 65 66 32 44 60 28 54 62 56 5 3 50 88 58 5 80 97 10 48 9 97 23 52 82 42 83 8 60 64 52 53 89 75 66 31 5 91 5 69 41 70 3 16 88 41 6 49 37 94 12 54 96 41
12 29 10 92 62 34 82 11 9 22 58 47 55 7 3 16 52 73 68 30 22 40 91 81 64 90 9 75 71 63 99 85 28 51 48 94 88 89 6 74 92 85 86 77 44 31 13 68 9 89 41 73 68 78 27 23 54 1 13 72 90 49 56 98 89 67 76 91 86 36 10 26 32 9 14 40 86 21 41 22 59 10 70 19 13 29 51 18 62 53 40 58 22 50 45 60 57 19 87 68 12 37 5 91 44 53 95 50 22 45 46 1 40 68 8 96 62 15 79 39 2 90 1 68 38 75 98 29 42 7 58 0 60 51 13 91 93 55 59 83 25 68 63 5 29 16 81 65 27 72 79 68 33 63 68 55 91 19 8 68 75 80 58 17 58 61 35 22 89 66 43 14 10 68 58 44 19 36 29 74 35 97 84 64 20 70 65 11 45 24 92 64 75 4 48 7 69 9
40 59 24 91 70 50 29 96 30 64 71 28 29 52 15 45 16 72 60 94 30 22 94 8 56 81 95 25 46 66 98 75 55 43 13 73 1 38 92 8 16 18 91 30 27 96 98 92 61 50 4 88 89 28 77 46 17 34 12 43 83 36 12 74 30 10 67 5 87 93 70 12 23 4 84 21 79 82 58 24 69 29 30 44 47 65 21 52 20 66 49 29 97 46 6 57 12 2 9 56 68 11 13 0 92 30 73 15 14 91 53 8 78 66 19 74 59 18 29 24 12 79 85 97 99 27 28 12 92 33 70 95 29 90 54 52 24 80 49 41 38 63 4 17 73 97 62 70 28 39 97 7 30 70 89 32 33 17 66 48 6 13 95 73 38 71 56 26 87 35 86 65 11 56 59 71 42 18 56 92 5 30 60 51 59 65 83 24 85 37 85 3 35 46 31 70 85 76
27 53 32 81 42 17 65 77 1 30 72 56 54 89 32 41 45 30 2 76 22 20 84 29 85 37 56 21 55 7 66 17 8 46 18 88 46 47 15 69 29 13 71 73 59 6 9 96 91 62 14 7 78 51 60 62 16 9 88 56 17 61 21 74 24 17 49 23 10 34 16 33 3 29 65 14 32 20 25 48 72 79 73 56 16 51 93 66 72 34 26 58 40 7 63 3 35 14 47 84 26 85 31 26 0 13 28 62 7 52 56 94 23 83 14 12 79 99 23 72 11 16 15 17 19 59 59 75 5 46 67 30 89 42 10 36 7 67 2 89 28 67 30 38 57 94 96 19 82 88 92 20 67 50 18 95 39 46 62 98 56 15 86 35 52 87 13 68 70 73 30 64 43 17 7 97 14 26 90 72 53 52 91 80 96 17 84 15 17 44 15 14 94 48 20 52 4 86
5 25 11 49 14 95 98 7 77 74 16 28 16 86 26 10 34 53 24 98 81 52 41 53 50 89 89 97 50 87 33 77 16 73 18 3 54 70 57 99 98 81 21 43 62 15 50 56 43 93 8 89 83 62 47 92 64 15 7 58 1 10 39 28 55 49 6 59 29 30 62 16 17 27 55 50 29 14 4 6 50 68 50 90 42 43 80 49 9 54 28 85 91 43 35 88 9 3 57 5 47 38 27 94 93 84 78 76 38 2 71 49 33 7 47 68 96 87 63 0 25 29 57 10 32 69 48 22 65 44 44 13 39 72 16 37 99 60 46 3 25 51 75 2 27 47 18 59 28 21 67 29 23 25 5 18 41 98 31 16 12 5 36 64 40 66 98 40 28 18 45 18 78 11 63 65 48 91 99 61 35 58 20 5 19 85 65 68 82 89 79 33 98 28 18 47 69 21
81 98 90 8 47 93 79 4 37 12 3 36 94 62 35 94 53 88 29 93 31 77 86 11 1 67 71 32 99 59 86 96 63 55 24 74 74 43 25 12 17 94 84 79 82 38 36 91 55 82 5 12 46 75 61 66 86 95 45 44 72 4 52 60 54 68 46 81 26 31 51 62 41 32 4 98 10 33 72 65 81 94 17 90 34 12 89 90 44 28 12 3 22 41 50 68 80 47 17 77 18 33 80 39 27 52 48 7 40 52 56 59 0 1 15 49 57 31 88 3 98 52 3 42 42 58 58 83 92 40 97 2 85 75 41 19 94 3 3 41 80 14 30 50 20 28 23 52 9 13 82 42 64 81 17 76 15 67 68 6 51 69 87 2 60 80 7 19 20 21 2 81 16 12 41 67 9 1 49 78 16 70 24 82 68 90 86 52 16 10 61 41 44 94 17 73 59 77
98 79 63 75 12 53 82 80 75 73 50 93 51 34 40 41 85 67 59 84 7 81 77 79 24 95 0 89 15 40 40 93 91 10 86 73 39 68 76 17 82 11 58 14 2 97 96 26 83 57 32 98 35 72 64 95 14 24 95 69 19 93 73 25 95 63 49 3 57 42 34 16 24 6 47 3 60 29 81 14 65 99 8 98 66 90 36 15 87 28 45 78 96 15 77 13 44 16 97 3 99 67 63 12 79 30 38 30 27 57 73 56 19 10 28 70 79 14 67 68 84 89 17 87 75 5 18 59 59 43 3 54 2 72 97 31 23 65 77 68 84 1 78 62 37 36 77 2 16 77 59 68 63 20 55 28 28 33 12 15 71 36 4 33 99 27 52 70 71 94 9 82 92 57 61 22 29 1 88 28 28 2 2 82 48 24 74 68 66 14 21 16 46 99 22 67 78 22
22 69 17 8 6 16 1 49 16 89 98 67 15 60 73 3 91 99 5 58 18 66 45 16 30 74 3 70 0 16 6 37 64 97 67 40 91 66 54 42 4 1 54 36 32 28 55 71 74 99 35 9 10 80 55 44 83 58 7 35 30 94 31 83 87 10 39 99 86 70 0 98 56 63 89 77 91 36 72 4 92 66 14 92 71 61 90 4 74 35 91 79 71 3 46 48 43 33 15 2 98 80 27 34 74 78 91 80 33 81 74 62 46 79 79 59 75 20 25 93 12 69 38 32 93 10 99 73 16 27 63 51 81 82 68 39 21 70 65 54 36 26 93 85 81 51 14 41 83 11 4 97 95 83 69 99 81 80 22 29 81 47 73 24 96 86 15 69 88 45 91 52 54 23 84 81 8 83 57 59 36 76 27 53 76 38 90 54 33 13 83 66 19 33 50 74 75 80
20 5 94 61 20 23 52 58 18 26 93 15 13 15 6 11 47 92 34 71 61 33 29 38 42 76 8 69 97 15 86 54 22 36 87 61 42 77 59 1 26 53 75 96 3 0 8 56 86 96 34 33 28 20 39 78 96 80 81 74 39 62 58 13 62 9 41 65 21 19 32 9 70 61 30 12 96 2 38 47 96 42 28 44 13 81 16 68 43 13 20 98 30 18 43 79 88 96 25 80 12 82 51 26 90 30 88 24 77 49 8 91 4 34 91 66 67 64 6 89 35 23 37 33 29 83 48 77 0 45 42 99 84 28 26 29 28 64 83 73 34 1 18 72 45 10 78 21 57 84 96 23 18 20 78 13 45 66 16 77 22 51 36 27 72 66 89 72 63 95 85 14 42 17 85 66 16 31 50 55 7 51 61 23 60 64 41 12 86 63 42 62 55 64 46 80 83 40
89 4 56 21 95 62 94 10 57 38 52 87 50 76 36 38 81 97 84 10 69 50 46 88 58 81 62 8 26 50 24 87 42 82 35 70 81 7 12 1 21 58 43 34 61 15 28 86 74 30 87 54 53 62 3 20 16 67 12 36 85 58 64 99 68 17 69 41 63 65 12 34 72 3 59 60 21 15 23 41 79 88 48 60 77 36 9 24 2 80 83 80 24 98 50 78 99 24 42 59 98 66 10 0 12 22 38 42 2 45 92 17 14 82 67 86 70 2 87 10 81 9 65 24 24 93 2 62 26 51 60 13 24 11 99 4 1 18 73 37 31 81 84 44 29 32 27 65 50 17 84 47 76 33 6 75 80 38 39 57 19 82 57 67 6 87 8 96 55 21 88 22 80 9 59 72 14 74 87 40 71 34 77 37 75 69 9 90 78 5 42 91 49 71 29 6 80 25
94 29 53 56 87 98 91 93 83 24 74 82 40 9 85 8 2 49 22 93 4 33 0 8 43 44 76 8 24 13 66 72 15 47 66 21 63 3 43 59 62 71 9 41 63 57 18 16 73 35 33 76 28 39 60 17 3 79 19 35 10 59 60 7 9 89 74 42 72 69 93 72 75 25 45 56 16 19 99 21 8 30 58 91 43 17 42 68 6 29 36 40 8 12 8 31 12 37 97 41 95 67 0 13 38 55 38 66 60 80 4 52 82 51 9 32 53 61 19 17 60 66 20 93 29 66 1 41 36 78 92 28 49 82 84 88 86 76 72 23 21 42 60 81 90 98 36 88 12 56 62 12 9 67 39 41 34 29 27 0 47 65 12 63 54 97 98 30 14 6 24 64 48 93 17 98 15 30 46 83 26 54 9 30 91 5 50 6 25 41 70 48 25 77 70 11 9 96
24 23 69 4 65 61 2 11 1 11 14 78 15 39 49 52 96 17 94 58 11 88 31 3 53 70 89 42 91 54 48 38 64 0 50 69 65 74 14 62 43 44 77 68 90 89 76 73 9 62 99 66 1 35 74 10 73 34 23 84 33 7 93 8 46 37 81 55 66 17 75 85 72 27 10 69 99 28 86 35 54 74 44 37 10 48 32 24 26 84 79 24 60 11 35 22 48 18 10 16 82 31 81 53 41 1 55 83 49 83 66 44 11 51 95 51 22 44 76 14 6 17 30 39 45 55 0 84 61 31 62 67 33 41 13 48 13 19 84 81 44 85 30 71 49 29 14 40 79 36 20 61 33 25 35 27 41 14 30 77 47 51 57 97 41 5 12 2 39 44 14 59 69 89 84 1 76 87 19 56 98 66 63 57 41 57 22 80 92 17 21 51 8 39 1 58 44 10
