307 1 540
306 1 2 4
a 3
w 0 0 1 21
a 123
w 1 2 90 205 214 49 2 171 235 251 5 17 55 21 53 136 248 199 163 184 140 236 206 54 121 171 253 78 134 253 9 30 245 81 53 13 182 164 158 190 246 52 108 16 41 227 150 234 141 154 37 120 220 139 76 36 103 70 185 34 10 123 145 223 7 215 165 123 172 175 91 70 66 71 89 145 166 220 100 93 37 201 129 14 251 201 0 122 37 34 113 247 244
a 1
w 2 0 1 98
a 1
w 3 0 1 0
a 11
w 4 0 8 136 244 4 46 17 167 146 32
a 5
w 5 0 3 53 192 12
a 23
w 6 1 14 152 187 198 65 211 179 186 146 56 179 96 16 107 178
a 11
w 7 0 8 38 205 169 14 108 145 90 220
a 17
w 8 2 12 176 42 80 114 228 219 208 205 233 250 92 244
a 11
w 9 1 7 148 242 70 206 195 200 246
a 12
w 10 0 6 98 29 254 87 140 77
a 16
w 11 0 10 4 157 88 30 96 52 231 162 53 109
a 8
w 12 0 4 253 175 163 224
a 3
w 13 0 1 20
a 3
w 14 0 1 124
a 8
w 15 0 5 217 138 181 5 120
w 0 0 1 185
w 0 0 1 143
w 1 10 33 238 183 174 182 102 169 12 41 39 127 12 89 180 64 101 106 8 96 127 223 19 251 157 210 63 96 225 115 112 32 196 164 26
r 3 0 1
w 2 0 1 109
r 7 0 2
f 9
w 11 1 10 83 126 109 36 210 137 240 153 165 207
r 8 11 1
r 10 2 2
r 1 49 7
a 4
w 16 0 2 91 70
w 13 0 1 47
w 0 0 1 200
w 8 5 1 116
w 2 0 1 226
r 8 4 6
r 3 0 1
r 10 3 1
r 4 1 2
r 13 0 1
f 0
w 10 1 4 24 226 227 63
w 13 0 1 77
w 13 0 1 58
w 16 0 2 176 220
r 10 1 5
a 3
w 17 0 1 157
w 7 0 4 113 14 77 54
w 16 1 1 187
r 7 4 0
r 11 4 4
r 12 3 0
r 1 17 39
r 8 9 5
r 16 1 0
r 14 0 1
r 5 1 0
r 11 2 3
r 14 0 1
r 12 2 1
r 3 0 1
r 17 0 1
r 3 0 1
r 17 0 1
a 7
w 18 0 3 136 106 76
w 10 0 6 6 146 229 106 91 234
f 7
a 5
w 19 0 3 177 239 22
w 18 1 2 241 51
w 14 0 1 63
w 12 2 1 205
w 5 1 1 59
w 12 2 1 122
w 17 0 1 13
r 4 3 5
a 6
w 20 0 4 146 80 80 6
w 2 0 1 202
r 8 10 0
r 20 2 1
r 13 0 1
w 5 0 3 204 28 123
w 5 0 2 205 109
r 5 1 1
r 20 2 0
r 15 1 2
r 12 1 0
r 2 0 1
r 15 4 0
r 3 0 1
r 4 2 4
r 14 0 1
r 4 1 2
r 13 0 1
r 14 0 1
r 11 8 2
r 13 0 1
w 6 1 7 170 28 63 230 223 175 53
w 20 1 1 122
w 2 0 1 251
w 10 0 7 246 227 25 57 16 179 114
r 14 0 1
r 1 90 1
r 20 2 1
r 6 5 0
r 3 0 1
w 13 0 1 77
w 16 0 1 99
r 19 1 1
r 16 1 0
r 2 0 1
r 20 2 2
r 8 5 1
r 12 2 2
r 17 0 1
r 15 2 2
w 12 0 1 249
w 14 0 1 22
w 18 2 1 77
w 1 11 78 106 15 249 217 156 121 143 182 143 220 214 205 97 203 171 113 249 9 170 49 116 206 46 249 195 148 143 237 112 129 21 21 201 212 26 11 74 70 128 230 208 133 93 216 37 238 81 139 132 28 0 103 115 137 194 94 215 166 243 70 94 52 249 100 116 109 70 227 92 236 162 50 14 228 178 20 223 138
f 16
r 2 0 1
r 1 14 59
r 12 1 1
r 15 3 0
r 18 2 1
r 19 0 2
r 1 13 50
a 4
w 21 0 2 149 56
w 19 0 1 37
w 18 1 2 130 44
w 6 6 7 12 23 181 227 254 138 152
f 12
r 15 2 2
r 4 2 5
r 4 2 4
r 19 1 1
a 3
w 22 0 1 206
w 21 1 1 222
r 1 66 6
r 19 0 3
r 13 0 1
r 18 0 1
r 4 4 3
r 2 0 1
a 5
w 23 0 2 253 123
w 10 0 4 169 0 152 229
w 3 0 1 132
w 2 0 1 117
w 10 3 2 56 114
r 1 38 3
r 4 1 1
r 13 0 1
r 11 8 1
r 3 0 1
r 23 0 2
r 20 0 3
r 23 1 1
r 11 3 6
r 1 16 11
r 20 2 1
f 1
w 3 0 1 67
w 11 3 5 200 141 202 88 130
w 11 4 5 248 202 137 69 124
r 4 3 2
r 11 1 5
r 15 1 4
r 5 2 0
r 22 0 1
a 104
w 24 8 77 249 42 249 158 226 19 204 56 192 137 23 225 58 188 67 248 107 7 0 202 83 152 20 215 138 195 177 254 169 77 206 129 147 85 233 210 50 50 122 143 232 13 162 241 123 121 93 0 172 113 158 138 158 108 105 202 136 235 30 238 184 96 22 15 58 51 210 181 200 149 205 142 24 47 16 75 8
w 4 2 6 183 130 213 109 130 90
r 6 5 9
r 3 0 1
r 24 59 3
r 11 6 3
r 5 2 1
r 21 1 1
r 22 0 1
a 19
w 25 1 13 224 43 51 126 194 114 42 225 99 57 166 41 131
w 25 6 6 199 24 55 216 13 151
w 5 0 3 156 81 239
r 10 1 3
r 23 0 1
r 17 0 1
r 5 1 2
r 3 0 1
r 19 0 3
r 18 1 2
r 21 1 0
f 23
w 20 1 3 3 159 241
r 20 2 1
r 17 0 1
f 25
w 10 0 4 158 222 49 202
w 15 1 1 153
w 22 0 1 82
r 20 0 2
r 17 0 1
r 13 0 1
r 17 0 1
r 5 0 1
r 11 3 3
r 22 0 1
r 24 34 8
r 2 0 1
r 17 0 1
a 10
w 26 0 7 190 141 235 233 243 205 63
w 6 10 3 212 70 123
w 17 0 1 245
r 20 1 0
r 24 21 10
r 19 1 1
r 22 0 1
r 17 0 1
r 26 0 2
f 5
w 21 0 2 144 29
w 14 0 1 243
w 22 0 1 165
r 21 1 0
r 2 0 1
r 14 0 1
r 10 2 4
f 22
r 10 3 3
r 21 1 1
f 8
r 11 1 8
r 15 1 1
r 18 0 2
r 10 2 0
a 7
w 27 0 4 246 168 48 230
w 27 1 1 48
w 14 0 1 160
w 14 0 1 201
a 1
w 28 0 1 139
r 13 0 1
r 17 0 1
r 10 1 5
r 19 0 2
r 10 3 3
r 10 5 2
r 19 0 1
f 18
w 27 1 2 25 138
a 5
w 29 0 3 115 91 149
r 14 0 1
r 6 3 12
r 19 1 1
a 5
w 30 0 2 23 10
r 26 2 2
r 3 0 1
r 19 2 0
f 19
w 26 3 2 197 158
w 27 0 2 234 213
a 1
w 31 0 1 4
w 17 0 1 79
w 20 0 4 192 177 179 103
w 28 0 1 189
a 18
w 32 0 13 218 142 17 52 93 86 194 158 148 20 85 124 192
w 17 0 1 186
w 30 1 1 152
w 4 5 1 4
w 28 0 1 22
a 4
w 33 0 2 171 137
r 26 5 0
r 29 2 1
a 1
w 34 0 1 29
r 14 0 1
r 21 0 1
r 2 0 1
r 24 32 14
r 20 3 1
r 30 1 0
r 31 0 1
r 2 0 1
r 13 0 1
r 11 4 1
a 5
w 35 0 2 211 218
w 26 4 1 242
w 24 11 72 164 37 85 28 81 209 131 239 97 231 254 209 243 43 66 63 167 135 48 153 16 189 22 248 145 163 222 247 84 122 4 152 130 127 113 41 8 195 141 98 137 2 187 183 208 149 24 141 82 189 144 106 224 6 50 225 211 77 89 159 205 157 74 239 21 106 134 215 168 44 28 125
w 6 2 3 83 150 213
w 17 0 1 223
r 21 1 0
r 33 1 1
r 10 0 4
r 17 0 1
a 4
w 36 0 1 120
r 29 1 1
r 29 2 1
r 34 0 1
r 28 0 1
f 24
w 27 0 2 218 23
r 20 2 0
r 20 2 2
r 32 2 3
r 36 0 1
r 21 0 1
r 27 3 1
r 21 0 2
r 26 5 1
r 31 0 1
r 34 0 1
r 4 2 1
a 46
w 37 0 29 43 202 108 21 127 99 144 157 162 44 143 137 169 91 127 28 100 56 107 75 48 186 184 198 47 226 245 209 254
w 20 1 3 166 115 159
w 27 2 1 55
r 2 0 1
r 10 2 4
r 6 6 8
r 33 1 0
r 33 0 1
a 57
w 38 0 46 171 246 39 226 154 96 143 114 103 57 55 138 2 156 113 24 139 43 137 97 195 83 138 97 211 18 31 216 186 246 101 32 30 21 115 172 189 40 148 73 180 212 105 245 135 69
r 11 2 6
r 20 2 0
r 34 0 1
f 4
r 10 4 3
r 10 5 2
r 14 0 1
r 34 0 1
a 1
w 39 0 1 63
r 34 0 1
a 7
w 40 0 4 92 81 71 233
w 10 1 4 129 69 0 226
r 10 5 1
a 4
w 41 0 1 89
w 30 1 1 166
r 14 0 1
r 40 0 1
r 34 0 1
r 28 0 1
r 35 0 2
r 38 7 37
r 31 0 1
r 20 3 1
r 27 3 0
w 14 0 1 160
w 17 0 1 62
r 26 1 5
r 28 0 1
w 26 3 1 65
w 26 3 4 151 200 123 115
w 2 0 1 149
r 2 0 1
r 31 0 1
r 28 0 1
r 28 0 1
w 33 0 2 172 159
r 10 4 2
r 29 1 1
r 14 0 1
r 31 0 1
r 31 0 1
r 33 1 1
w 3 0 1 217
w 30 0 2 127 232
w 10 1 4 181 177 235 29
r 15 4 0
r 35 1 1
r 26 3 2
r 36 0 1
r 41 0 1
r 35 1 0
r 14 0 1
r 30 1 1
f 11
w 15 0 5 47 202 66 248 169
w 35 1 1 188
w 35 1 1 252
r 14 0 1
a 1
w 42 0 1 87
w 27 3 1 72
w 29 1 1 235
r 39 0 1
a 15
w 43 0 11 160 151 97 218 211 181 30 78 24 91 83
r 2 0 1
r 34 0 1
w 6 2 12 206 194 81 109 149 139 77 252 83 221 189 222
f 29
w 27 0 3 0 42 72
w 36 0 1 218
w 40 2 1 91
r 14 0 1
r 27 2 2
r 36 0 1
r 27 1 2
r 31 0 1
a 5
w 44 0 3 115 81 15
r 31 0 1
r 6 2 11
r 39 0 1
r 3 0 1
r 2 0 1
r 15 4 1
r 20 1 2
r 14 0 1
r 35 1 0
w 34 0 1 100
r 41 0 1
w 40 3 1 210
w 42 0 1 126
w 14 0 1 148
w 41 0 1 72
r 36 0 1
r 36 0 1
r 26 1 3
r 39 0 1
r 27 1 3
r 13 0 1
r 32 0 6
r 44 1 2
w 43 10 1 61
r 32 11 1
w 26 1 5 99 103 119 227 202
w 2 0 1 95
w 2 0 1 157
w 15 2 2 165 133
w 38 16 26 218 194 14 66 222 206 119 26 195 230 245 141 148 253 198 122 1 29 252 47 127 78 87 84 146 82
r 38 6 39
r 15 1 1
r 20 0 3
r 3 0 1
r 30 1 1
r 13 0 1
r 20 2 1
r 20 2 1
f 15
r 35 1 1
r 39 0 1
r 42 0 1
r 17 0 1
r 10 1 5
r 21 0 1
a 8
w 45 0 6 235 118 196 32 190 59
w 3 0 1 80
w 6 1 4 37 28 66 232
r 43 7 3
r 44 1 0
w 13 0 1 125
w 44 0 2 26 99
w 20 1 1 34
w 42 0 1 118
r 14 0 1
r 43 0 8
r 45 5 0
r 33 1 0
r 42 0 1
r 38 6 11
r 20 1 1
r 42 0 1
r 44 0 3
r 38 17 22
r 28 0 1
r 31 0 1
r 3 0 1
r 2 0 1
r 43 3 7
f 34
w 42 0 1 176
w 27 3 1 194
w 43 10 1 197
w 27 1 3 63 38 22
w 32 3 1 35
w 44 2 1 75
w 44 0 3 4 135 31
f 3
r 31 0 1
f 17
f 36
f 30
f 26
f 39
f 38
f 37
f 2
f 41
f 40
f 44
f 6
f 20
f 31
f 33
f 28
f 32
f 35
f 21
f 10
f 42
f 43
f 27
f 13
f 14
f 45

