307 3 782
32 255 0 0
33 255 0 0
34 255 0 0
a 2
w 0 0 1 235
a 4
w 1 0 2 55 21
a 1
w 2 0 1 199
a 1
w 3 0 1 236
a 7
w 4 0 5 171 253 78 134 253
a 3
w 5 0 1 81
a 7
w 6 0 4 164 158 190 246
a 7
w 7 0 4 41 227 150 234
a 5
w 8 0 3 0 0 0
a 7
w 9 0 4 70 185 34 10
a 22
w 10 1 15 7 215 165 123 172 175 91 70 66 71 89 145 166 220 100
a 1
w 11 0 1 129
a 2
w 12 0 1 0
a 2
w 13 0 1 113
a 2
w 14 0 1 27
a 5
w 15 0 2 164 91
a 1
w 16 0 1 84
a 128
w 17 0 83 46 17 167 146 32 186 224 89 53 192 12 49 153 223 152 187 198 65 211 179 186 146 56 179 96 16 107 178 244 60 149 38 205 169 14 108 145 90 220 235 230 175 176 42 80 114 228 219 208 205 233 250 92 244 153 245 245 148 242 70 206 195 200 246 8 176 66 98 29 254 87 140 77 90 140 37 4 157 88 30 96 52 231
a 5
w 18 0 3 32 129 145
a 3
w 19 0 1 224
a 7
w 20 0 4 20 35 143 33
a 24
w 21 0 17 42 217 138 181 5 120 92 55 7 213 191 185 22 10 164 153 143
a 4
w 22 0 1 42
a 3
w 23 0 1 182
a 3
w 24 0 1 41
w 1 1 1 64
w 10 6 1 127
r 24 0 1
w 3 0 1 26
r 5 0 1
w 4 0 4 109 229 66 121
w 8 2 1 0
r 4 4 0
r 10 2 7
r 16 0 1
r 15 1 1
r 11 0 1
r 21 3 0
r 8 1 1
w 1 1 1 200
w 12 0 1 116
w 4 3 1 226
r 12 0 1
r 5 0 1
r 16 0 1
r 6 1 0
r 20 3 0
f 1
w 16 0 1 24
a 4
w 25 0 2 125 214
r 5 0 1
f 16
w 4 0 4 254 76 7 230
w 20 3 1 50
w 15 0 1 116
w 11 0 1 54
w 15 1 1 187
r 10 7 2
r 19 0 1
r 20 3 0
r 2 0 1
r 11 0 1
r 14 0 1
r 22 0 1
r 13 0 1
r 20 3 1
r 13 0 1
f 8
r 3 0 1
a 1
w 26 0 1 47
w 6 0 2 72 58
w 5 0 1 135
w 5 0 1 161
w 19 0 1 213
w 10 5 5 173 200 125 6 146
f 24
r 26 0 1
r 20 2 1
a 5
w 27 0 3 0 0 0
w 10 5 4 206 15 159 205
w 7 2 1 59
w 20 2 1 122
w 0 0 1 13
r 6 1 3
a 3
w 28 0 1 146
w 7 1 1 39
w 13 0 1 177
w 27 0 3 0 0 0
w 25 0 2 168 219
w 23 0 1 253
w 5 0 1 182
r 12 0 1
r 7 2 1
r 11 0 1
r 23 0 1
r 19 0 1
r 3 0 1
r 28 0 1
r 4 3 1
r 6 1 2
r 23 0 1
r 5 0 1
r 21 3 2
r 23 0 1
r 18 2 1
r 22 0 1
w 27 0 1 0
w 6 0 4 175 53 34 102
w 6 1 2 42 134
w 25 0 2 173 253
r 13 0 1
r 10 3 8
r 13 0 1
r 26 0 1
r 19 0 1
r 21 5 4
r 25 1 1
r 0 0 1
r 22 0 1
r 21 8 8
r 21 1 6
r 6 1 2
f 9
w 25 0 1 179
w 6 0 4 251 58 101 234
a 7
w 29 0 4 151 228 102 11
w 5 0 1 206
w 27 2 1 0
w 25 0 2 156 121
w 17 39 57 214 205 97 203 171 113 249 9 170 49 116 206 46 249 195 148 143 237 112 129 21 21 201 212 26 11 74 70 128 230 208 133 93 216 37 238 81 139 132 28 0 103 115 137 194 94 215 166 243 70 94 52 249 100 116 109 70
r 23 0 1
r 2 0 1
r 3 0 1
r 2 0 1
r 20 1 1
r 23 0 1
r 14 0 1
r 11 0 1
r 2 0 1
r 10 9 4
r 11 0 1
r 13 0 1
r 11 0 1
f 13
w 18 0 3 200 184 179
r 14 0 1
r 29 1 3
r 29 1 2
r 12 0 1
r 27 1 0
r 20 0 2
f 25
w 26 0 1 58
w 10 0 13 5 18 42 223 195 194 77 229 160 146 132 76 5
r 5 0 1
r 3 0 1
a 4
w 30 0 1 253
w 30 0 1 46
r 14 0 1
r 12 0 1
r 7 1 0
r 30 0 1
r 5 0 1
r 22 0 1
a 2
w 31 0 1 196
w 31 0 1 47
r 29 2 2
r 23 0 1
f 4
w 17 6 84 119 159 71 206 67 204 111 186 58 115 230 191 8 24 104 190 39 186 45 100 93 164 208 156 250 221 14 67 48 207 165 67 49 184 108 136 200 141 202 88 130 134 181 115 155 248 202 137 69 124 194 179 57 238 76 171 163 129 178 17 194 147 233 96 255 71 21 88 37 148 79 138 253 227 163 171 196 45 235 19 206 252 96 190
r 26 0 1
r 22 0 1
r 2 0 1
a 4
w 32 0 2 138 195
a 3
w 33 0 1 233
r 33 0 1
r 23 0 1
r 10 9 1
r 19 0 1
r 27 0 3
f 19
w 2 0 1 75
w 6 2 1 183
r 20 1 0
r 27 0 3
r 33 0 1
r 3 0 1
r 18 1 2
r 7 3 0
r 15 1 1
a 3
w 34 0 1 249
w 15 0 2 43 51
w 18 0 1 225
w 33 0 1 131
w 30 0 1 199
w 33 0 1 151
w 7 0 3 156 81 239
r 26 0 1
r 21 2 2
r 0 0 1
r 7 2 2
r 5 0 1
r 10 2 9
r 14 0 1
r 15 1 0
f 34
w 10 2 12 3 159 241 224 124 102 145 119 148 67 135 11
w 0 0 1 245
r 30 0 1
a 3
w 35 0 1 153
w 35 0 1 82
r 10 2 3
r 0 0 1
r 21 0 4
r 0 0 1
r 7 0 2
r 17 18 35
r 18 1 2
r 2 0 1
r 32 1 0
r 30 0 1
r 3 0 1
r 2 0 1
f 5
w 10 11 3 212 70 123
w 0 0 1 245
r 10 4 0
r 32 0 1
r 11 0 1
r 35 0 1
r 0 0 1
r 2 0 1
f 27
w 26 0 1 144
w 0 0 1 180
r 18 1 0
r 15 1 0
r 33 0 1
r 23 0 1
r 17 34 46
f 35
r 17 40 42
r 21 4 9
a 3
w 36 0 1 196
w 7 0 4 8 252 226 150
w 21 4 12 112 22 2 105 15 183 199 149 90 200 250 157
r 3 0 1
a 3
w 37 0 1 88
w 32 0 2 233 160
w 23 0 1 201
a 5
w 38 0 2 0 0
w 15 1 1 57
w 2 0 1 0
w 3 0 1 69
r 20 1 2
r 17 8 1
r 38 0 1
r 36 0 1
r 10 3 9
w 20 1 2 25 138
w 37 0 1 9
w 38 1 1 0
r 0 0 1
r 29 0 2
r 6 3 0
r 7 0 2
r 2 0 1
w 11 0 1 183
r 20 0 4
w 3 0 1 197
r 30 0 1
f 21
r 6 0 2
r 36 0 1
a 16
w 39 1 11 103 131 155 166 75 189 225 209 95 183 48
r 28 0 1
r 33 0 1
r 2 0 1
r 26 0 1
r 17 28 50
r 0 0 1
a 8
w 40 0 5 171 137 183 120 41
r 20 1 3
f 32
r 30 0 1
r 17 29 5
r 0 0 1
r 31 0 1
f 12
w 20 2 1 178
w 10 0 8 210 34 56 23 252 104 223 169
w 11 0 1 225
r 37 0 1
r 22 0 1
r 20 1 1
a 2
w 41 0 1 211
r 3 0 1
r 6 2 0
r 7 2 1
a 4
w 42 0 2 66 63
r 33 0 1
f 7
w 0 0 1 127
w 42 1 1 141
w 31 0 1 183
r 2 0 1
r 40 1 3
r 38 1 1
a 7
w 43 0 5 28 125 101 99 52
w 43 2 3 125 4 53
r 37 0 1
r 31 0 1
r 36 0 1
r 36 0 1
r 39 7 1
r 17 64 30
r 11 0 1
r 43 4 1
r 28 0 1
r 11 0 1
w 40 4 1 182
w 11 0 1 165
w 10 11 1 132
w 3 0 1 168
w 22 0 1 4
w 29 0 4 178 36 156 71
r 40 4 1
r 17 16 49
r 3 0 1
r 11 0 1
r 20 0 3
r 6 1 0
w 6 1 3 115 248 5
w 20 0 2 127 99
w 15 0 1 143
w 26 0 1 28
w 33 0 1 48
r 36 0 1
w 15 0 2 115 159
w 39 5 4 55 214 114 63
w 18 0 3 111 186 253
r 37 0 1
r 3 0 1
r 23 0 1
r 18 0 1
r 31 0 1
r 29 1 3
r 31 0 1
r 42 1 1
r 29 0 1
r 23 0 1
r 17 55 14
r 39 6 4
f 20
w 37 0 1 146
w 23 0 1 168
w 39 0 10 195 186 225 195 94 191 78 192 40 97
w 3 0 1 51
w 39 6 1 238
r 14 0 1
a 7
w 44 0 3 172 89 22
w 39 9 1 166
w 0 0 1 159
w 42 1 1 121
w 40 1 2 71 233
w 36 0 1 129
w 0 0 1 4
r 39 11 0
r 28 0 1
f 31
w 2 0 1 166
r 23 0 1
r 29 0 1
r 39 6 5
a 2
w 45 0 1 36
w 29 1 3 229 118 54
r 17 48 34
r 6 0 2
r 14 0 1
w 23 0 1 25
w 23 0 1 160
w 0 0 1 62
r 3 0 1
r 15 0 2
w 3 0 1 65
w 3 0 1 151
r 11 0 1
r 23 0 1
f 45
w 30 0 1 59
w 15 1 1 221
r 15 1 1
a 2
w 46 0 1 159
r 36 0 1
r 10 6 3
r 23 0 1
r 46 0 1
r 46 0 1
r 14 0 1
w 43 2 2 217 121
w 39 2 8 232 135 198 154 120 181 177 235
w 17 65 37 171 75 229 82 17 179 202 121 180 15 126 32 147 51 213 155 141 12 205 203 237 168 51 85 64 167 129 200 86 172 79 136 178 252 143 244 166
w 41 0 1 20
w 40 1 3 221 246 201
w 28 0 1 47
r 28 0 1
r 18 1 0
w 23 0 1 53
w 22 0 1 143
w 42 0 2 175 87
w 40 3 1 72
w 29 1 1 235
r 42 1 0
w 28 0 1 195
r 29 2 2
r 2 0 1
r 26 0 1
f 18
w 22 0 1 57
w 36 0 1 194
w 10 4 9 77 252 83 221 189 222 165 238 255
w 11 0 1 102
w 42 0 1 11
w 38 0 2 0 0
w 38 0 2 0 0
r 11 0 1
r 3 0 1
r 43 3 2
f 6
w 23 0 1 53
r 39 5 4
r 23 0 1
r 11 0 1
a 7
w 47 0 4 97 188 184 76
w 30 0 1 131
w 42 1 1 119
w 28 0 1 249
w 38 0 1 0
a 5
w 48 0 2 179 171
r 23 0 1
f 39
w 22 0 1 184
r 11 0 1
r 22 0 1
r 41 0 1
r 47 0 3
r 14 0 1
r 0 0 1
r 33 0 1
r 26 0 1
r 2 0 1
r 2 0 1
a 1
w 49 0 1 201
r 3 0 1
r 28 0 1
f 23
w 40 2 2 35 189
w 29 1 2 227 202
w 47 1 2 95 25
w 26 0 1 113
w 17 16 53 49 144 196 218 194 14 66 222 206 119 26 195 230 245 141 148 253 198 122 1 29 252 47 127 78 87 84 146 82 166 67 53 1 239 38 5 122 251 31 221 55 154 2 122 93 40 54 125 249 145 241 10 79
w 15 1 1 168
w 17 59 32 41 91 235 175 138 77 92 158 125 75 195 221 160 135 124 9 157 155 97 220 221 250 246 38 166 244 75 160 50 132 43 110
r 15 0 2
r 33 0 1
a 3
w 50 0 1 69
w 48 1 1 56
a 15
w 51 0 12 235 118 196 32 190 59 135 74 39 200 80 204
r 30 0 1
r 47 0 1
r 36 0 1
r 50 0 1
w 10 2 11 26 99 157 227 119 46 127 9 65 34 28
r 46 0 1
r 42 0 1
r 37 0 1
r 41 0 1
r 22 0 1
r 3 0 1
r 36 0 1
r 14 0 1
r 29 0 1
r 37 0 1
r 11 0 1
r 17 14 45
r 36 0 1
r 43 0 5
r 36 0 1
r 42 1 1
r 49 0 1
r 14 0 1
f 2
r 22 0 1
a 1
w 52 0 1 61
w 14 0 1 182
w 47 2 2 76 4
w 3 0 1 255
w 15 1 1 160
r 28 0 1
w 15 0 2 226 184
w 3 0 1 34
r 0 0 1
f 40
r 14 0 1
r 49 0 1
r 49 0 1
r 10 3 8
r 3 0 1
a 1
w 53 0 1 219
w 17 11 25 58 29 213 100 132 104 254 32 243 24 27 119 163 147 149 99 89 58 224 139 24 70 79 151 6
w 38 0 2 0 0
w 22 0 1 49
w 28 0 1 78
r 22 0 1
r 48 0 1
r 33 0 1
r 53 0 1
r 52 0 1
a 7
w 54 0 3 125 9 33
w 36 0 1 224
w 50 0 1 205
r 41 0 1
r 14 0 1
r 10 5 9
r 22 0 1
w 33 0 1 197
r 44 0 2
f 37
w 50 0 1 246
w 46 0 1 190
w 10 6 4 114 157 175 124
r 54 0 1
r 11 0 1
r 51 5 3
r 54 2 1
r 47 0 4
r 22 0 1
r 10 4 5
r 0 0 1
r 54 2 1
r 51 6 6
r 36 0 1
r 41 0 1
r 38 0 2
r 33 0 1
r 51 2 4
f 3
w 42 1 1 193
r 11 0 1
r 48 0 2
r 42 0 2
r 26 0 1
a 3
w 55 0 1 148
r 14 0 1
a 1
w 56 0 1 45
w 46 0 1 118
f 36
r 55 0 1
r 49 0 1
r 28 0 1
r 41 0 1
a 3
w 57 0 1 41
w 14 0 1 24
r 56 0 1
r 33 0 1
r 10 2 7
r 15 0 1
r 49 0 1
r 41 0 1
r 53 0 1
r 29 3 0
r 49 0 1
r 14 0 1
f 51
w 29 1 3 216 146 81
r 10 7 8
r 26 0 1
r 29 1 1
r 22 0 1
r 10 1 12
r 57 0 1
r 54 2 0
r 47 3 0
r 17 21 80
f 38
r 11 0 1
r 57 0 1
a 5
w 58 0 3 0 0 0
r 15 0 1
a 9
w 59 1 4 243 253 226 24
r 11 0 1
a 6
w 60 0 3 221 18 23
w 60 0 1 146
f 46
w 57 0 1 9
r 44 2 1
r 49 0 1
r 49 0 1
r 48 0 2
r 0 0 1
a 2
w 61 0 1 51
f 10
w 58 0 1 0
w 15 1 1 196
w 28 0 1 47
w 50 0 1 247
r 11 0 1
r 22 0 1
r 28 0 1
r 28 0 1
r 57 0 1
r 55 0 1
r 28 0 1
r 14 0 1
r 44 1 2
r 28 0 1
r 30 0 1
r 43 4 0
r 22 0 1
r 53 0 1
r 48 1 1
a 11
w 62 0 8 225 223 150 71 211 195 244 121
w 48 1 1 89
w 43 3 1 242
w 55 0 1 55
w 41 0 1 164
w 43 2 2 119 90
w 14 0 1 20
r 15 1 0
r 54 1 1
r 22 0 1
r 41 0 1
r 22 0 1
r 17 26 15
a 8
w 63 0 5 225 65 181 54 111
w 15 0 2 6 126
r 14 0 1
r 49 0 1
f 17
w 56 0 1 138
w 41 0 1 206
w 63 0 5 229 60 42 95 104
w 50 0 1 36
w 28 0 1 163
w 30 0 1 156
w 56 0 1 242
w 26 0 1 17
r 44 1 1
r 41 0 1
r 41 0 1
r 60 0 3
r 56 0 1
a 7
w 64 0 4 105 254 251 185
w 22 0 1 249
w 49 0 1 76
w 41 0 1 233
w 47 2 2 212 141
w 26 0 1 47
w 50 0 1 122
r 49 0 1
r 42 0 2
r 54 1 1
r 15 1 0
r 15 0 2
a 2
w 65 0 1 125
r 60 1 0
a 3
w 66 0 1 230
w 44 0 1 92
w 48 1 1 94
w 47 1 1 162
r 62 1 6
r 33 0 1
r 48 0 1
r 54 0 2
r 48 1 1
r 26 0 1
f 62
r 30 0 1
r 22 0 1
r 14 0 1
r 53 0 1
r 33 0 1
r 64 2 2
f 0
f 30
f 52
f 56
f 42
f 33
f 55
f 47
f 43
f 58
f 29
f 63
f 66
f 11
f 41
f 61
f 14
f 15
f 26
f 64
f 65
f 48
f 57
f 44
f 49
f 60
f 59
f 53
f 54
f 22
f 50
f 28

