281 36 748
32 255 0 0
33 255 0 0
34 255 0 0
35 255 0 0
36 255 0 0
37 255 0 0
38 255 0 0
39 255 0 0
64 0 255 0
65 0 255 0
66 0 255 0
67 0 255 0
68 0 255 0
69 0 255 0
70 0 255 0
71 0 255 0
72 0 255 0
73 0 255 0
74 0 255 0
75 0 255 0
76 0 255 0
77 0 255 0
120 1 4 0
121 2 8 0
122 4 16 0
123 8 32 0
124 16 64 0
125 32 128 0
126 64 1 0
127 128 2 0
128 1 4 0
129 2 8 0
130 4 16 0
131 8 32 0
132 16 64 0
133 32 128 0
a 3
w 0 0 1 82
a 6
w 1 0 3 184 125 69
a 4
w 2 0 2 134 70
a 2
w 3 0 1 156
a 2
w 4 0 1 67
a 5
w 5 0 2 95 209
a 7
w 6 0 4 218 185 110 242
a 5
w 7 0 3 217 235 155
a 3
w 8 0 1 0
a 7
w 9 0 4 0 0 0 81
a 2
w 10 0 1 220
a 3
w 11 0 1 219
a 5
w 12 0 3 102 58 20
a 6
w 13 0 3 66 250 119
a 4
w 14 0 2 181 59
a 2
w 15 0 1 255
a 3
w 16 0 1 255
a 139
w 17 3 113 255 255 255 255 255 255 144 74 184 171 139 127 96 58 37 193 89 159 58 116 220 33 111 20 200 178 4 71 172 62 27 243 243 176 140 82 2 223 70 128 149 251 134 3 70 65 185 118 20 169 91 179 77 211 55 34 110 173 18 183 235 137 112 64 112 113 137 34 216 104 179 107 22 161 33 130 189 226 163 253 157 215 76 40 74 186 206 150 72 76 148 65 128 155 142 129 50 190 17 20 243 57 185 78 74 209 213 27 93 22 141 162 75
a 6
w 18 0 4 183 46 209 60
a 7
w 19 1 4 108 150 6 71
a 6
w 20 0 4 213 173 22 201
a 4
w 21 0 1 15
a 8
w 22 0 5 214 211 113 73 149
a 1
w 23 0 1 144
a 16
w 24 0 10 81 146 18 173 60 190 241 176 194 214
f 0
r 8 0 1
r 2 1 0
r 1 0 3
r 21 0 1
a 3
w 25 0 1 89
r 15 0 1
r 20 1 2
r 19 1 3
r 1 1 1
r 3 0 1
r 22 0 3
r 5 1 0
r 2 1 0
r 25 0 1
r 5 1 1
r 17 33 30
r 24 2 5
r 22 1 3
r 20 1 3
r 21 0 1
r 12 1 1
r 15 0 1
r 4 0 1
r 9 1 0
w 10 0 1 48
w 5 0 1 147
w 25 0 1 248
w 9 3 1 91
w 16 0 1 255
r 20 2 0
r 1 1 1
r 7 2 1
w 24 5 5 26 234 188 164 228
w 24 6 3 81 28 18
w 9 0 4 0 0 0 138
w 8 0 1 0
w 4 0 1 252
w 22 2 1 54
w 3 0 1 110
w 8 0 1 0
w 16 0 1 255
w 15 0 1 255
r 1 1 0
r 7 2 1
w 9 2 2 0 48
w 14 0 2 139 227
r 15 0 1
r 19 3 0
r 8 0 1
r 5 0 1
r 4 0 1
r 13 1 0
r 20 2 1
r 17 52 7
r 14 1 0
r 14 0 1
r 5 1 0
r 18 2 1
r 3 0 1
r 3 0 1
r 11 0 1
r 19 2 1
r 2 1 0
r 7 0 3
r 4 0 1
w 18 0 1 156
r 2 1 1
r 19 1 4
r 14 0 2
r 7 2 1
r 14 1 1
f 6
w 17 17 95 192 187 136 19 99 105 209 237 245 176 219 136 154 69 219 189 107 197 129 207 250 151 141 77 98 176 7 157 18 50 245 120 119 172 222 189 48 240 65 199 175 106 62 173 90 167 195 220 82 155 68 217 132 12 150 231 181 120 190 242 161 103 2 194 125 6 25 125 230 183 165 155 75 39 175 73 143 106 40 147 88 218 169 164 60 202 23 121 42 50 207 226 21 10 131
r 12 0 2
r 9 0 2
r 25 0 1
r 2 1 1
a 5
w 26 0 2 236 105
w 25 0 1 149
r 17 69 29
r 15 0 1
r 12 2 0
r 17 76 22
r 24 1 4
a 2
w 27 0 1 198
w 23 0 1 190
w 2 0 1 205
w 10 0 1 208
r 8 0 1
r 16 0 1
r 7 0 2
r 12 0 1
r 26 0 2
r 11 0 1
r 13 1 0
r 10 0 1
r 27 0 1
r 21 0 1
w 17 97 9 236 9 211 230 143 244 197 76 25
w 22 0 4 88 198 34 167
w 15 0 1 255
w 5 0 2 109 19
w 9 0 4 0 0 0 223
r 2 0 2
r 12 0 1
r 5 1 0
r 17 43 41
r 3 0 1
r 18 3 1
r 27 0 1
r 23 0 1
r 15 0 1
r 13 1 0
r 21 0 1
w 2 1 1 114
w 24 0 4 148 24 116 189
w 5 1 1 109
r 3 0 1
r 11 0 1
r 8 0 1
r 5 1 0
r 25 0 1
r 20 3 1
r 24 4 3
r 10 0 1
r 9 2 1
r 12 0 1
r 8 0 1
r 16 0 1
w 3 0 1 53
w 9 1 3 0 0 126
w 2 1 1 14
r 15 0 1
r 25 0 1
r 24 2 8
w 12 0 2 89 170
w 24 3 6 126 185 25 239 125 173
w 10 0 1 40
w 20 0 4 214 11 123 223
w 2 1 1 40
r 24 7 1
r 15 0 1
r 19 1 3
r 19 3 1
r 14 1 0
r 25 0 1
r 10 0 1
r 18 2 1
r 14 1 0
r 9 1 3
r 17 32 12
r 9 2 1
r 4 0 1
r 5 0 1
r 5 0 2
w 19 0 4 151 239 56 253
w 12 2 1 27
r 17 84 23
r 11 0 1
r 15 0 1
r 8 0 1
r 1 2 1
f 7
w 4 0 1 153
w 14 0 2 178 238
r 21 0 1
r 13 1 0
r 18 0 1
r 9 2 1
r 18 1 1
r 25 0 1
r 9 1 0
r 10 0 1
r 27 0 1
r 1 2 1
f 15
w 22 0 3 216 62 148
w 16 0 1 255
r 1 0 1
r 22 4 1
a 5
w 28 0 3 128 249 38
w 14 1 1 211
w 25 0 1 10
w 20 0 4 238 103 121 237
r 24 3 3
r 23 0 1
r 10 0 1
r 11 0 1
r 28 2 1
a 2
w 29 0 1 255
w 4 0 1 112
w 17 20 78 166 70 200 204 14 198 209 25 241 221 7 245 93 215 196 189 131 128 104 41 138 253 91 75 67 21 36 201 144 6 37 108 200 187 33 226 211 157 22 92 205 51 226 233 194 233 208 44 205 92 170 22 164 179 186 232 171 15 127 136 59 221 81 247 62 7 211 226 168 122 147 133 98 105 95 189 148 88
w 14 1 1 170
w 5 1 1 28
w 28 2 1 183
r 1 1 2
r 18 0 1
f 17
w 21 0 1 71
r 29 0 1
r 11 0 1
f 9
r 24 1 1
r 20 2 2
r 24 3 2
a 54
w 30 7 37 185 80 91 5 196 222 196 206 195 177 130 61 201 129 7 233 117 25 97 92 17 175 248 81 40 136 36 157 103 42 43 51 15 206 53 23 140
w 22 1 4 182 46 255 231
w 25 0 1 230
w 20 0 2 6 68
r 11 0 1
r 19 1 3
r 20 1 0
f 26
w 18 0 1 226
r 8 0 1
r 8 0 1
w 22 0 1 0
w 10 0 1 94
f 3
r 22 0 2
r 1 1 2
r 2 0 2
r 19 2 2
r 20 0 2
r 22 1 1
r 11 0 1
r 5 1 1
r 18 0 3
r 14 0 1
r 14 0 1
r 12 0 2
r 4 0 1
r 19 0 1
r 20 2 1
r 10 0 1
r 24 4 5
r 22 3 1
r 29 0 1
r 20 1 0
r 16 0 1
r 27 0 1
a 2
w 31 0 1 204
w 1 1 1 126
w 24 1 9 83 151 192 42 105 28 180 215 66
w 29 0 1 255
r 10 0 1
r 14 0 1
r 19 4 0
r 10 0 1
r 4 0 1
r 28 0 2
r 28 2 1
a 5
w 32 0 2 13 205
r 12 0 2
r 27 0 1
f 10
w 14 1 1 195
w 19 2 2 88 254
w 23 0 1 182
r 4 0 1
r 23 0 1
r 29 0 1
a 9
w 33 0 5 0 0 0 26 231
r 18 1 0
a 70
w 34 0 51 73 220 220 111 50 138 87 207 88 177 175 185 173 223 38 221 167 185 230 216 118 63 116 213 200 163 208 79 207 42 197 222 171 197 250 220 124 89 17 50 229 155 49 74 212 248 211 176 233 153 172
f 19
w 29 0 1 255
r 8 0 1
a 7
w 35 0 3 36 210 177
r 8 0 1
r 24 2 8
r 5 1 0
r 11 0 1
r 20 2 1
r 4 0 1
w 12 0 1 65
w 24 5 3 83 212 50
w 24 2 5 30 40 227 78 115
w 24 1 8 226 248 245 202 22 161 161 119
w 8 0 1 0
w 11 0 1 134
r 24 3 6
r 13 1 1
r 29 0 1
a 8
w 36 0 5 255 255 255 255 255
r 16 0 1
r 18 0 1
r 25 0 1
r 1 0 2
f 25
r 5 0 1
r 11 0 1
r 22 1 2
r 21 0 1
r 24 6 2
f 29
w 31 0 1 101
w 21 0 1 113
w 27 0 1 15
w 16 0 1 255
w 14 0 2 255 90
w 1 0 1 31
w 21 0 1 23
w 14 1 1 107
r 4 0 1
r 13 1 1
r 31 0 1
r 36 1 1
r 23 0 1
f 13
w 36 1 1 255
r 35 1 0
r 2 0 1
r 27 0 1
r 11 0 1
r 27 0 1
a 3
w 37 0 1 62
w 35 2 1 134
w 16 0 1 255
r 16 0 1
r 34 10 41
r 5 0 1
r 4 0 1
r 37 0 1
f 12
a 2
w 38 0 1 255
w 18 2 1 8
w 8 0 1 0
r 33 2 2
r 11 0 1
r 16 0 1
r 22 2 1
r 8 0 1
r 2 0 2
a 5
w 39 0 3 51 199 136
w 35 2 1 202
w 11 0 1 251
r 30 27 9
a 3
w 40 0 1 63
w 18 0 2 35 16
r 40 0 1
r 22 1 0
r 34 2 26
a 3
w 41 0 1 90
r 23 0 1
r 21 0 1
r 41 0 1
a 7
w 42 0 4 255 243 155 219
w 35 1 1 187
r 2 0 1
r 8 0 1
f 34
w 16 0 1 255
w 28 0 3 190 75 165
w 5 1 1 47
w 16 0 1 255
r 18 3 0
r 38 0 1
r 20 0 1
r 42 1 3
a 40
w 43 1 31 198 54 241 12 247 245 168 40 197 110 143 163 27 101 92 131 66 142 51 163 214 255 232 23 148 45 229 125 191 190 221
w 22 3 2 223 244
r 2 1 0
r 4 0 1
r 43 9 13
r 42 0 4
r 5 1 0
r 37 0 1
r 30 14 26
r 18 1 3
f 33
w 2 0 2 232 102
w 4 0 1 88
w 24 2 8 148 9 46 213 89 83 127 169
w 16 0 1 255
w 1 0 1 122
f 31
a 2
w 44 0 1 72
w 24 1 5 165 221 20 51 106
w 5 0 1 131
w 2 1 1 219
r 16 0 1
r 23 0 1
r 38 0 1
r 39 2 1
r 37 0 1
r 24 0 2
r 5 1 0
f 23
w 30 7 18 86 138 244 41 87 99 204 80 173 194 52 248 211 126 39 185 177 241
w 20 1 2 207 47
w 28 0 3 26 173 153
r 40 0 1
r 16 0 1
r 36 2 1
r 28 2 0
r 37 0 1
r 42 1 1
r 35 1 0
r 16 0 1
r 22 3 0
r 40 0 1
r 20 1 3
r 1 1 1
f 27
r 1 0 3
r 37 0 1
r 41 0 1
a 2
w 45 0 1 51
w 16 0 1 255
f 38
w 1 0 3 192 58 227
r 8 0 1
r 39 1 1
r 28 2 0
r 16 0 1
r 20 2 2
r 14 1 1
r 41 0 1
a 1
w 46 0 1 152
w 41 0 1 56
w 4 0 1 5
r 39 0 2
r 4 0 1
f 42
w 46 0 1 165
w 22 1 2 197 167
w 37 0 1 181
w 44 0 1 91
r 46 0 1
f 8
r 39 1 1
a 7
w 47 0 3 255 82 229
r 47 0 2
r 4 0 1
r 20 3 0
r 14 1 0
r 40 0 1
r 41 0 1
r 11 0 1
r 1 1 2
r 44 0 1
r 16 0 1
r 40 0 1
r 35 1 1
r 39 1 1
r 20 1 2
r 46 0 1
r 2 1 1
r 43 27 1
r 36 2 3
r 14 1 0
r 35 0 1
r 30 20 22
a 11
w 48 0 6 0 0 0 0 0 9
w 21 0 1 252
r 11 0 1
r 2 1 1
r 32 0 1
r 48 1 4
r 2 1 0
r 45 0 1
r 32 1 0
a 8
w 49 1 4 112 21 130 160
a 1
w 50 0 1 0
w 49 3 1 90
w 37 0 1 128
w 5 0 1 228
w 30 19 24 17 193 239 40 188 207 128 208 197 111 210 6 155 207 15 29 161 223 222 76 25 249 203 15
w 48 4 2 0 166
w 43 2 24 223 180 147 210 243 226 104 234 30 188 189 116 157 100 190 26 138 190 87 216 107 150 2 112
w 16 0 1 255
r 41 0 1
r 32 1 1
a 11
w 51 1 7 137 185 79 172 252 248 179
w 14 1 1 26
r 28 2 1
r 11 0 1
r 1 1 0
r 1 0 2
a 5
w 52 0 3 183 96 218
w 30 27 13 244 230 231 7 200 104 231 178 151 117 31 216 39
r 52 0 3
a 6
w 53 0 3 13 96 157
r 21 0 1
r 28 0 3
r 39 2 1
r 2 0 1
r 21 0 1
r 44 0 1
r 2 0 1
f 20
r 4 0 1
r 32 0 2
r 37 0 1
r 16 0 1
r 46 0 1
r 45 0 1
r 24 8 2
a 6
w 54 0 3 255 244 209
r 14 0 2
r 53 1 1
r 45 0 1
a 2
w 55 0 1 255
r 37 0 1
r 50 0 1
r 22 0 1
r 55 0 1
r 39 1 2
f 30
r 28 1 0
r 28 1 0
r 48 5 0
r 39 1 0
r 18 2 0
r 2 0 2
r 52 1 1
r 47 1 1
r 22 1 1
r 51 1 1
r 41 0 1
r 48 2 0
r 28 2 0
r 4 0 1
r 18 1 0
a 22
w 56 1 14 6 180 15 154 246 130 250 144 76 11 196 176 27 6
w 2 1 1 3
r 32 1 1
r 44 0 1
f 41
w 18 0 1 172
w 24 2 1 172
r 40 0 1
r 36 1 1
r 36 1 3
r 53 1 1
r 43 4 22
r 16 0 1
r 53 0 3
r 52 1 2
f 56
w 28 0 1 62
r 21 0 1
f 53
w 36 3 1 255
w 1 0 1 221
w 1 0 3 64 136 199
w 28 0 2 208 58
w 16 0 1 255
r 11 0 1
a 3
w 57 0 1 1
a 28
w 58 0 17 245 135 220 103 247 199 166 91 92 238 10 168 97 138 153 18 24
r 5 1 1
r 58 7 6
a 3
w 59 0 1 218
w 24 5 5 151 138 147 231 231
r 43 3 4
a 22
w 60 0 17 58 194 159 6 254 197 108 199 36 19 30 198 40 178 76 94 118
w 47 1 2 131 118
r 24 4 6
a 3
w 61 0 1 232
w 44 0 1 40
r 45 0 1
r 35 1 1
r 58 5 4
r 28 1 1
r 35 1 1
r 21 0 1
r 57 0 1
r 11 0 1
r 47 1 1
r 52 2 1
a 4
w 62 0 1 40
r 39 0 3
r 5 0 2
r 16 0 1
w 2 0 2 151 122
w 46 0 1 18
r 39 1 0
r 59 0 1
r 32 0 1
r 4 0 1
f 2
w 59 0 1 234
w 57 0 1 159
r 48 5 1
r 44 0 1
a 4
w 63 0 1 35
w 48 1 1 0
w 43 10 21 79 8 17 119 232 222 112 139 74 125 114 63 156 151 25 58 18 61 75 100 61
w 45 0 1 122
w 47 0 1 255
w 36 1 4 255 255 255 255
f 63
w 51 0 8 105 153 29 71 150 157 177 33
w 22 3 2 54 179
w 59 0 1 181
r 50 0 1
r 24 2 8
r 22 1 3
a 4
w 64 0 1 89
w 61 0 1 127
w 11 0 1 104
w 32 1 1 65
w 4 0 1 95
r 54 1 1
r 1 0 2
r 4 0 1
r 36 2 1
r 57 0 1
f 46
r 24 0 6
a 1
w 65 0 1 64
w 1 0 2 83 139
r 62 0 1
r 11 0 1
r 28 1 1
r 5 1 1
r 5 1 0
r 62 0 1
f 40
f 1
f 64
f 44
f 4
f 5
f 45
f 32
f 28
f 50
f 48
f 11
f 39
f 37
f 59
f 14
f 55
f 16
f 36
f 47
f 43
f 51
f 52
f 61
f 57
f 49
f 62
f 60
f 58
f 18
f 35
f 54
f 21
f 22
f 65
f 24

