1085 49 3807
62 102 0 0
92 0 28 0
96 0 181 0
141 200 0 0
146 0 0 197
233 102 0 0
239 0 53 0
270 0 146 0
275 0 184 0
277 0 155 0
279 164 0 0
295 0 0 38
339 0 44 0
387 37 0 0
403 0 0 108
498 98 0 0
528 0 0 20
536 179 0 0
550 0 209 0
557 0 66 0
577 184 0 0
618 103 0 0
621 0 69 0
632 0 181 0
684 0 127 0
700 0 0 102
704 0 0 172
708 0 0 114
720 0 0 81
736 0 69 0
758 0 0 198
760 234 0 0
761 0 0 180
772 0 159 0
833 1 0 0
846 0 0 82
875 0 0 110
880 0 0 255
890 86 0 0
897 0 80 0
898 0 0 33
899 0 0 235
901 102 0 0
930 137 0 0
944 0 0 17
950 156 0 0
969 0 0 244
1002 0 189 0
1009 0 70 0
a 1
w 0 0 1 189
a 1
w 1 0 1 207
a 2
w 2 0 1 77
a 1
w 3 0 1 157
a 1
w 4 0 1 120
a 1
w 5 0 1 181
a 1
w 6 0 1 231
a 1
w 7 0 1 175
a 1
w 8 0 1 124
a 1
w 9 0 1 217
a 1
w 10 0 1 231
a 1
w 11 0 1 242
a 1
w 12 0 1 194
a 2
w 13 0 1 125
a 2
w 14 0 1 155
a 1
w 15 0 1 73
a 1
w 16 0 1 147
a 1
w 17 0 1 164
a 1
w 18 0 1 121
a 2
w 19 0 1 226
a 1
w 20 0 1 250
a 1
w 21 0 1 104
a 1
w 22 0 1 96
a 2
w 23 0 1 143
a 1
w 24 0 1 216
a 1
w 25 0 1 22
a 1
w 26 0 1 86
a 1
w 27 0 1 33
a 1
w 28 0 1 203
a 1
w 29 0 1 80
a 1
w 30 0 1 149
a 1
w 31 0 1 69
a 1
w 32 0 1 196
a 1
w 33 0 1 42
a 1
w 34 0 1 175
a 1
w 35 0 1 168
a 1
w 36 0 1 216
a 1
w 37 0 1 52
a 1
w 38 0 1 219
a 1
w 39 0 1 92
a 1
w 40 0 1 58
a 1
w 41 0 1 190
a 1
w 42 0 1 63
a 1
w 43 0 1 247
a 1
w 44 0 1 110
a 1
w 45 0 1 28
a 1
w 46 0 1 101
a 1
w 47 0 1 124
a 1
w 48 0 1 37
a 1
w 49 0 1 121
a 2
w 50 0 1 155
a 1
w 51 0 1 60
a 1
w 52 0 1 218
a 1
w 53 0 1 91
a 1
w 54 0 1 86
a 1
w 55 0 1 213
a 1
w 56 0 1 145
a 1
w 57 0 1 14
a 1
w 58 0 1 167
a 2
w 59 0 1 220
a 1
w 60 0 1 19
a 2
w 61 0 1 211
a 1
w 62 0 1 197
a 2
w 63 0 1 235
a 1
w 64 0 1 198
a 1
w 65 0 1 167
a 1
w 66 0 1 83
a 1
w 67 0 1 109
a 1
w 68 0 1 217
a 1
w 69 0 1 196
a 1
w 70 0 1 24
a 1
w 71 0 1 51
a 1
w 72 0 1 116
a 1
w 73 0 1 24
a 1
w 74 0 1 39
a 1
w 75 0 1 110
a 1
w 76 0 1 92
a 1
w 77 0 1 12
a 1
w 78 0 1 163
a 1
w 79 0 1 236
a 1
w 80 0 1 97
a 1
w 81 0 1 132
a 2
w 82 0 1 128
a 1
w 83 0 1 184
a 1
w 84 0 1 210
a 1
w 85 0 1 143
a 1
w 86 0 1 245
a 1
w 87 0 1 207
a 1
w 88 0 1 73
a 1
w 89 0 1 229
a 1
w 90 0 1 88
a 1
w 91 0 1 35
a 1
w 92 0 1 189
a 1
w 93 0 1 220
a 1
w 94 0 1 36
a 1
w 95 0 1 194
a 1
w 96 0 1 230
a 1
w 97 0 1 91
a 1
w 98 0 1 94
a 1
w 99 0 1 62
a 1
w 100 0 1 9
a 1
w 101 0 1 153
a 2
w 102 0 1 24
a 2
w 103 0 1 40
a 1
w 104 0 1 36
a 1
w 105 0 1 202
a 1
w 106 0 1 212
a 1
w 107 0 1 247
a 1
w 108 0 1 81
a 1
w 109 0 1 16
a 1
w 110 0 1 214
a 1
w 111 0 1 46
a 1
w 112 0 1 129
a 1
w 113 0 1 128
a 1
w 114 0 1 53
a 1
w 115 0 1 151
a 1
w 116 0 1 114
a 1
w 117 0 1 14
a 2
w 118 0 1 156
a 1
w 119 0 1 87
a 1
w 120 0 1 102
a 1
w 121 0 1 107
a 1
w 122 0 1 234
a 1
w 123 0 1 146
a 1
w 124 0 1 47
a 1
w 125 0 1 126
a 1
w 126 0 1 125
a 1
w 127 0 1 121
a 1
w 128 0 1 23
a 1
w 129 0 1 245
a 1
w 130 0 1 123
a 1
w 131 0 1 52
a 1
w 132 0 1 178
a 1
w 133 0 1 210
a 1
w 134 0 1 70
a 1
w 135 0 1 200
a 1
w 136 0 1 49
a 1
w 137 0 1 116
a 1
w 138 0 1 226
a 1
w 139 0 1 155
a 1
w 140 0 1 196
a 2
w 141 0 1 63
a 1
w 142 0 1 114
a 1
w 143 0 1 92
a 1
w 144 0 1 60
a 1
w 145 0 1 147
a 1
w 146 0 1 208
a 1
w 147 0 1 72
a 1
w 148 0 1 187
a 1
w 149 0 1 190
a 1
w 150 0 1 111
a 2
w 151 0 1 44
a 1
w 152 0 1 11
a 1
w 153 0 1 93
a 1
w 154 0 1 54
a 1
w 155 0 1 59
a 1
w 156 0 1 202
a 1
w 157 0 1 239
a 1
w 158 0 1 130
a 2
w 159 0 1 231
a 1
w 160 0 1 133
a 1
w 161 0 1 71
a 1
w 162 0 1 209
a 1
w 163 0 1 148
a 1
w 164 0 1 180
a 1
w 165 0 1 33
a 1
w 166 0 1 120
a 2
w 167 0 1 190
a 1
w 168 0 1 82
a 2
w 169 0 1 179
a 2
w 170 0 1 192
a 1
w 171 0 1 199
a 2
w 172 0 1 119
a 1
w 173 0 1 142
a 1
w 174 0 1 226
a 1
w 175 0 1 73
a 1
w 176 0 1 103
a 1
w 177 0 1 147
a 1
w 178 0 1 208
a 1
w 179 0 1 1
a 1
w 180 0 1 110
a 1
w 181 0 1 18
a 1
w 182 0 1 111
a 1
w 183 0 1 116
a 1
w 184 0 1 19
a 1
w 185 0 1 18
a 1
w 186 0 1 55
a 1
w 187 0 1 16
a 1
w 188 0 1 216
a 1
w 189 0 1 174
a 1
w 190 0 1 172
a 1
w 191 0 1 89
a 1
w 192 0 1 226
a 1
w 193 0 1 29
a 1
w 194 0 1 239
a 2
w 195 0 1 128
a 1
w 196 0 1 161
a 1
w 197 0 1 238
a 1
w 198 0 1 130
a 1
w 199 0 1 10
a 1
w 200 0 1 41
a 1
w 201 0 1 237
a 2
w 202 0 1 231
a 1
w 203 0 1 94
a 1
w 204 0 1 15
a 1
w 205 0 1 31
a 1
w 206 0 1 105
a 2
w 207 0 1 120
a 1
w 208 0 1 199
a 1
w 209 0 1 231
a 1
w 210 0 1 9
a 1
w 211 0 1 7
a 2
w 212 0 1 112
a 1
w 213 0 1 116
a 1
w 214 0 1 204
a 1
w 215 0 1 61
a 1
w 216 0 1 245
a 1
w 217 0 1 189
a 1
w 218 0 1 41
a 2
w 219 0 1 75
a 2
w 220 0 1 201
a 1
w 221 0 1 109
a 1
w 222 0 1 162
a 1
w 223 0 1 89
a 1
w 224 0 1 249
a 1
w 225 0 1 44
a 1
w 226 0 1 22
a 1
w 227 0 1 232
a 2
w 228 0 1 136
a 1
w 229 0 1 247
a 1
w 230 0 1 226
a 1
w 231 0 1 133
a 1
w 232 0 1 189
a 1
w 233 0 1 153
a 1
w 234 0 1 53
a 1
w 235 0 1 28
a 1
w 236 0 1 176
a 2
w 237 0 1 11
a 1
w 238 0 1 11
a 2
w 239 0 1 230
a 1
w 240 0 1 209
a 1
w 241 0 1 151
a 1
w 242 0 1 71
a 1
w 243 0 1 73
a 2
w 244 0 1 155
a 1
w 245 0 1 185
a 278
w 246 12 179 103 225 117 250 93 199 38 228 120 209 231 129 155 28 199 253 48 190 151 180 230 61 93 14 197 162 237 248 196 185 80 91 5 196 222 196 206 195 177 130 61 201 129 7 233 117 25 97 92 17 175 252 81 40 136 36 157 103 42 43 51 15 206 53 23 140 135 228 171 210 182 46 255 231 105 4 33 233 230 22 213 108 32 6 68 161 175 117 23 5 254 194 123 204 40 45 242 208 149 64 39 217 91 153 98 228 235 212 74 99 197 33 50 226 219 44 85 222 2 160 7 50 93 145 161 111 165 189 73 209 181 97 51 233 24 24 0 105 109 142 119 94 117 74 183 215 222 34 196 116 233 1 6 4 199 67 15 56 102 89 42 191 35 75 36 128 25 124 96 75 32 107 207 148 181 232 203 166 211
a 1
w 247 0 1 170
a 2
w 248 0 1 211
a 1
w 249 0 1 71
a 2
w 250 0 1 121
a 1
w 251 0 1 200
a 1
w 252 0 1 46
a 1
w 253 0 1 197
a 2
w 254 0 1 85
a 1
w 255 0 1 121
a 1
w 256 0 1 142
a 1
w 257 0 1 151
a 1
w 258 0 1 240
a 1
w 259 0 1 43
a 1
w 260 0 1 99
a 1
w 261 0 1 101
a 1
w 262 0 1 212
a 1
w 263 0 1 67
a 1
w 264 0 1 179
a 1
w 265 0 1 252
a 2
w 266 0 1 158
a 1
w 267 0 1 118
a 2
w 268 0 1 30
a 1
w 269 0 1 224
a 2
w 270 0 1 215
a 1
w 271 0 1 213
a 1
w 272 0 1 210
a 1
w 273 0 1 64
a 1
w 274 0 1 106
a 1
w 275 0 1 101
a 1
w 276 0 1 204
a 1
w 277 0 1 167
a 1
w 278 0 1 219
a 1
w 279 0 1 192
a 1
w 280 0 1 180
a 1
w 281 0 1 158
a 1
w 282 0 1 219
a 1
w 283 0 1 142
a 1
w 284 0 1 145
a 1
w 285 0 1 170
a 1
w 286 0 1 11
a 2
w 287 0 1 110
a 1
w 288 0 1 196
a 1
w 289 0 1 44
a 1
w 290 0 1 82
a 1
w 291 0 1 125
a 1
w 292 0 1 173
a 1
w 293 0 1 90
a 1
w 294 0 1 33
a 2
w 295 0 1 248
a 1
w 296 0 1 10
a 1
w 297 0 1 63
a 1
w 298 0 1 137
a 1
w 299 0 1 67
a 1
w 300 0 1 195
a 1
w 301 0 1 137
a 1
w 302 0 1 243
a 1
w 303 0 1 136
a 1
w 304 0 1 158
a 1
w 305 0 1 242
a 1
w 306 0 1 197
a 1
w 307 0 1 204
a 1
w 308 0 1 161
a 1
w 309 0 1 146
a 1
w 310 0 1 13
a 2
w 311 0 1 65
a 1
w 312 0 1 74
a 1
w 313 0 1 134
a 1
w 314 0 1 187
a 2
w 315 0 1 220
a 1
w 316 0 1 138
a 1
w 317 0 1 177
a 1
w 318 0 1 223
a 2
w 319 0 1 185
a 1
w 320 0 1 63
a 1
w 321 0 1 163
a 1
w 322 0 1 42
a 1
w 323 0 1 197
a 1
w 324 0 1 83
a 1
w 325 0 1 187
a 1
w 326 0 1 240
a 1
w 327 0 1 185
a 1
w 328 0 1 201
a 1
w 329 0 1 1
a 1
w 330 0 1 85
a 2
w 331 0 1 94
a 2
w 332 0 1 226
a 2
w 333 0 1 106
a 1
w 334 0 1 216
a 1
w 335 0 1 252
a 1
w 336 0 1 255
a 2
w 337 0 1 17
a 1
w 338 0 1 31
a 1
w 339 0 1 104
a 1
w 340 0 1 28
a 2
w 341 0 1 193
a 1
w 342 0 1 39
a 1
w 343 0 1 62
a 2
w 344 0 1 110
a 1
w 345 0 1 65
a 2
w 346 0 1 174
a 1
w 347 0 1 0
a 2
w 348 0 1 30
a 1
w 349 0 1 115
a 1
w 350 0 1 133
a 2
w 351 0 1 202
a 1
w 352 0 1 119
a 2
w 353 0 1 199
a 1
w 354 0 1 111
a 1
w 355 0 1 52
a 1
w 356 0 1 127
a 1
w 357 0 1 8
a 1
w 358 0 1 190
a 1
w 359 0 1 80
a 1
w 360 0 1 181
a 1
w 361 0 1 67
a 1
w 362 0 1 150
a 1
w 363 0 1 157
a 1
w 364 0 1 218
a 1
w 365 0 1 195
a 1
w 366 0 1 242
a 1
w 367 0 1 194
a 1
w 368 0 1 146
a 2
w 369 0 1 15
a 1
w 370 0 1 91
a 1
w 371 0 1 253
a 1
w 372 0 1 189
a 1
w 373 0 1 107
a 1
w 374 0 1 87
a 1
w 375 0 1 100
a 2
w 376 0 1 226
a 1
w 377 0 1 39
a 2
w 378 0 1 254
a 1
w 379 0 1 253
a 1
w 380 0 1 218
a 1
w 381 0 1 228
a 1
w 382 0 1 92
a 1
w 383 0 1 15
a 1
w 384 0 1 15
a 2
w 385 0 1 232
a 1
w 386 0 1 61
a 1
w 387 0 1 31
a 1
w 388 0 1 29
a 1
w 389 0 1 169
a 1
w 390 0 1 67
a 1
w 391 0 1 255
a 1
w 392 0 1 33
a 1
w 393 0 1 142
a 1
w 394 0 1 188
a 1
w 395 0 1 90
a 1
w 396 0 1 124
a 1
w 397 0 1 95
a 1
w 398 0 1 233
a 2
w 399 0 1 164
a 1
w 400 0 1 206
a 1
w 401 0 1 115
a 2
w 402 0 1 26
a 1
w 403 0 1 184
a 1
w 404 0 1 116
a 1
w 405 0 1 107
a 1
w 406 0 1 11
a 1
w 407 0 1 173
a 2
w 408 0 1 174
a 2
w 409 0 1 73
a 1
w 410 0 1 62
a 2
w 411 0 1 203
a 1
w 412 0 1 123
a 3
w 413 0 1 180
a 1
w 414 0 1 107
a 1
w 415 0 1 83
a 1
w 416 0 1 54
a 1
w 417 0 1 161
a 2
w 418 0 1 196
a 1
w 419 0 1 193
a 1
w 420 0 1 0
a 1
w 421 0 1 121
a 1
w 422 0 1 109
a 2
w 423 0 1 216
a 1
w 424 0 1 147
a 1
w 425 0 1 51
a 1
w 426 0 1 81
a 1
w 427 0 1 165
a 2
w 428 0 1 95
a 1
w 429 0 1 103
a 1
w 430 0 1 159
a 2
w 431 0 1 158
a 1
w 432 0 1 236
a 1
w 433 0 1 230
a 1
w 434 0 1 192
a 1
w 435 0 1 19
a 2
w 436 0 1 24
a 1
w 437 0 1 125
a 1
w 438 0 1 131
a 1
w 439 0 1 111
a 1
w 440 0 1 136
a 1
w 441 0 1 193
a 2
w 442 0 1 137
a 1
w 443 0 1 98
a 1
w 444 0 1 204
a 1
w 445 0 1 91
a 1
w 446 0 1 167
a 1
w 447 0 1 138
a 1
w 448 0 1 184
a 1
w 449 0 1 78
a 1
w 450 0 1 231
a 1
w 451 0 1 208
a 1
w 452 0 1 28
a 1
w 453 0 1 100
a 1
w 454 0 1 151
a 1
w 455 0 1 195
a 2
w 456 0 1 77
a 1
w 457 0 1 170
a 1
w 458 0 1 134
a 1
w 459 0 1 67
a 1
w 460 0 1 22
a 1
w 461 0 1 160
a 1
w 462 0 1 219
a 1
w 463 0 1 152
a 1
w 464 0 1 19
a 1
w 465 0 1 153
a 1
w 466 0 1 111
a 1
w 467 0 1 253
a 1
w 468 0 1 169
a 1
w 469 0 1 73
a 1
w 470 0 1 75
a 1
w 471 0 1 41
a 1
w 472 0 1 153
a 1
w 473 0 1 254
a 1
w 474 0 1 208
a 1
w 475 0 1 148
a 1
w 476 0 1 8
a 2
w 477 0 1 62
a 1
w 478 0 1 175
a 1
w 479 0 1 49
a 1
w 480 0 1 177
a 1
w 481 0 1 63
a 1
w 482 0 1 241
a 2
w 483 0 1 168
a 1
w 484 0 1 143
a 1
w 485 0 1 92
a 1
w 486 0 1 51
a 1
w 487 0 1 232
a 1
w 488 0 1 229
a 2
w 489 0 1 221
a 1
w 490 0 1 183
a 1
w 491 0 1 225
a 1
w 492 0 1 63
a 1
w 493 0 1 254
a 1
w 494 0 1 166
a 1
w 495 0 1 41
a 1
w 496 0 1 173
a 2
w 497 0 1 56
a 1
w 498 0 1 51
a 1
w 499 0 1 241
a 1
w 500 0 1 88
a 1
w 501 0 1 185
a 1
w 502 0 1 97
a 2
w 503 0 1 54
a 1
w 504 0 1 91
a 1
w 505 0 1 93
a 1
w 506 0 1 254
a 2
w 507 0 1 39
a 1
w 508 0 1 111
a 1
w 509 0 1 148
a 2
w 510 0 1 89
a 1
w 511 0 1 85
a 1
w 512 0 1 248
a 1
w 513 0 1 69
a 1
w 514 0 1 255
a 2
w 515 0 1 146
a 1
w 516 0 1 57
a 1
w 517 0 1 253
a 1
w 518 0 1 221
a 1
w 519 0 1 53
a 2
w 520 0 1 131
a 1
w 521 0 1 195
a 2
w 522 0 1 145
a 1
w 523 0 1 130
a 1
w 524 0 1 96
a 1
w 525 0 1 142
a 2
w 526 0 1 63
a 1
w 527 0 1 85
a 2
w 528 0 1 117
a 1
w 529 0 1 136
a 1
w 530 0 1 30
a 1
w 531 0 1 45
a 1
w 532 0 1 168
a 2
w 533 0 1 122
a 1
w 534 0 1 86
a 1
w 535 0 1 87
a 1
w 536 0 1 173
a 1
w 537 0 1 211
a 1
w 538 0 1 241
a 1
w 539 0 1 118
a 1
w 540 0 1 89
a 1
w 541 0 1 26
a 1
w 542 0 1 145
a 1
w 543 0 1 243
a 1
w 544 0 1 24
a 1
w 545 0 1 160
a 1
w 546 0 1 193
a 2
w 547 0 1 227
a 1
w 548 0 1 127
a 1
w 549 0 1 163
a 1
w 550 0 1 45
a 1
w 551 0 1 5
a 1
w 552 0 1 146
a 1
w 553 0 1 16
a 2
w 554 0 1 149
a 1
w 555 0 1 170
a 1
w 556 0 1 76
a 61
w 557 1 40 64 217 178 74 74 8 27 14 28 61 210 98 205 188 51 212 114 13 199 136 46 72 145 116 184 149 32 159 21 126 98 1 15 90 253 42 75 150 56 62
a 1
w 558 0 1 149
a 1
w 559 0 1 190
a 1
w 560 0 1 34
a 1
w 561 0 1 192
a 1
w 562 0 1 49
a 1
w 563 0 1 152
a 2
w 564 0 1 185
a 1
w 565 0 1 8
a 1
w 566 0 1 209
a 2
w 567 0 1 7
a 1
w 568 0 1 147
a 1
w 569 0 1 154
a 1
w 570 0 1 4
a 1
w 571 0 1 250
a 1
w 572 0 1 201
a 2
w 573 0 1 233
a 1
w 574 0 1 18
a 1
w 575 0 1 143
a 1
w 576 0 1 56
a 1
w 577 0 1 33
a 1
w 578 0 1 253
a 1
w 579 0 1 146
a 1
w 580 0 1 161
a 1
w 581 0 1 183
a 1
w 582 0 1 50
a 1
w 583 0 1 165
a 1
w 584 0 1 87
a 1
w 585 0 1 119
a 1
w 586 0 1 57
a 1
w 587 0 1 91
a 1
w 588 0 1 86
a 1
w 589 0 1 205
a 1
w 590 0 1 226
a 1
w 591 0 1 92
a 1
w 592 0 1 211
a 1
w 593 0 1 9
a 1
w 594 0 1 170
a 1
w 595 0 1 157
a 1
w 596 0 1 194
a 1
w 597 0 1 36
a 1
w 598 0 1 194
a 1
w 599 0 1 2
f 238
r 98 0 1
r 145 0 1
r 387 0 1
r 90 0 1
r 222 0 1
r 84 0 1
r 52 0 1
r 160 0 1
a 1
w 600 0 1 30
w 159 0 1 177
w 498 0 1 236
r 423 0 1
r 574 0 1
r 101 0 1
w 357 0 1 125
w 213 0 1 159
r 434 0 1
r 258 0 1
r 141 0 1
r 527 0 1
r 226 0 1
r 250 0 1
r 2 0 1
r 354 0 1
r 451 0 1
r 346 0 1
r 233 0 1
r 308 0 1
f 157
w 458 0 1 191
r 263 0 1
a 1
w 601 0 1 158
w 428 0 1 90
w 262 0 1 128
w 99 0 1 228
w 457 0 1 17
r 261 0 1
r 69 0 1
r 583 0 1
r 572 0 1
r 147 0 1
f 243
r 442 0 1
r 61 0 1
r 351 0 1
r 504 0 1
r 210 0 1
r 303 0 1
r 452 0 1
a 1
w 602 0 1 155
w 282 0 1 26
r 155 0 1
r 214 0 1
r 25 0 1
r 22 0 1
w 502 0 1 151
w 333 0 1 218
w 468 0 1 244
r 542 0 1
r 408 0 1
w 459 0 1 35
w 225 0 1 17
r 55 0 1
r 277 0 1
r 510 0 1
r 495 0 1
r 73 0 1
r 574 0 1
w 441 0 1 219
r 76 0 1
r 138 0 1
r 239 0 1
r 312 0 1
r 581 0 1
r 113 0 1
r 598 0 1
w 327 0 1 240
f 425
w 280 0 1 105
w 5 0 1 62
a 1
w 603 0 1 252
w 100 0 1 31
r 389 0 1
r 592 0 1
r 490 0 1
r 587 0 1
r 251 0 1
r 4 0 1
r 158 0 1
r 162 0 1
r 190 0 1
r 221 0 1
r 484 0 1
r 38 0 1
r 406 0 1
r 350 0 1
r 550 0 1
r 387 0 1
r 260 0 1
r 194 0 1
r 152 0 1
r 76 0 1
r 487 0 1
w 274 0 1 75
w 358 0 1 15
r 180 0 1
r 159 0 1
r 130 0 1
r 227 0 1
f 595
w 67 0 1 30
r 586 0 1
r 12 0 1
r 323 0 1
r 329 0 1
r 406 0 1
r 359 0 1
r 302 0 1
r 419 0 1
r 403 0 1
f 444
w 159 0 1 62
r 269 0 1
r 338 0 1
r 65 0 1
r 13 0 1
r 151 0 1
r 101 0 1
r 171 0 1
a 1
w 604 0 1 0
r 154 0 1
a 1
w 605 0 1 115
w 575 0 1 103
r 390 0 1
r 228 0 1
w 71 0 1 122
w 474 0 1 204
r 466 0 1
r 324 0 1
r 356 0 1
w 373 0 1 194
w 162 0 1 159
w 596 0 1 199
w 45 0 1 40
r 221 0 1
w 564 0 1 12
r 53 0 1
r 430 0 1
r 339 0 1
r 461 0 1
r 10 0 1
r 463 0 1
r 377 0 1
r 458 0 1
r 531 0 1
r 126 0 1
r 217 0 1
r 271 0 1
r 372 0 1
r 12 0 1
w 247 0 1 52
w 88 0 1 119
w 136 0 1 28
r 499 0 1
w 40 0 1 237
w 454 0 1 21
w 600 0 1 102
w 575 0 1 191
w 574 0 1 251
w 77 0 1 13
w 507 0 1 89
w 334 0 1 68
r 249 0 1
r 416 0 1
r 577 0 1
r 85 0 1
r 181 0 1
r 385 0 1
r 545 0 1
r 268 0 1
r 44 0 1
r 102 0 1
w 333 0 1 73
w 307 0 1 200
w 101 0 1 213
r 222 0 1
r 219 0 1
r 42 0 1
r 90 0 1
w 327 0 1 73
w 586 0 1 68
w 94 0 1 18
f 143
r 117 0 1
r 105 0 1
r 386 0 1
r 154 0 1
r 390 0 1
r 437 0 1
r 297 0 1
r 14 0 1
r 245 0 1
r 62 0 1
r 584 0 1
a 1
w 606 0 1 64
w 19 0 1 83
w 498 0 1 231
w 182 0 1 85
w 263 0 1 128
w 203 0 1 141
r 390 0 1
r 430 0 1
r 22 0 1
f 506
r 209 0 1
r 151 0 1
r 370 0 1
r 331 0 1
r 48 0 1
r 432 0 1
r 523 0 1
r 140 0 1
r 232 0 1
r 5 0 1
r 586 0 1
r 27 0 1
r 513 0 1
r 34 0 1
a 1
w 607 0 1 41
r 522 0 1
r 300 0 1
w 121 0 1 25
w 473 0 1 193
w 31 0 1 94
r 440 0 1
f 489
w 454 0 1 238
r 564 0 1
r 212 0 1
r 442 0 1
r 399 0 1
a 2
w 608 0 1 213
r 338 0 1
w 99 0 1 14
w 30 0 1 11
r 133 0 0
r 271 0 1
r 68 0 1
r 420 0 1
r 572 0 1
r 421 0 0
r 436 0 1
r 112 0 1
w 290 0 1 235
r 193 0 1
r 7 0 1
r 410 0 1
r 413 0 1
r 122 0 1
r 566 0 1
w 69 0 1 124
w 170 0 1 226
w 413 0 1 138
w 544 0 1 64
r 399 0 1
r 197 0 1
r 603 0 1
r 501 0 1
r 285 0 1
r 594 0 1
r 173 0 1
f 29
r 395 0 1
r 594 0 1
r 96 0 1
a 1
w 609 0 1 170
r 383 0 1
w 591 0 1 181
r 366 0 1
r 184 0 1
r 397 0 1
r 365 0 1
r 346 0 1
r 405 0 1
f 228
w 583 0 1 190
w 192 0 1 248
w 491 0 1 72
w 250 0 1 108
w 221 0 1 5
r 250 0 1
r 542 0 1
r 179 0 1
r 149 0 1
r 388 0 0
r 326 0 1
r 596 0 1
r 478 0 1
a 2
w 610 0 1 193
w 249 0 1 66
w 58 0 1 87
w 3 0 1 43
r 338 0 1
r 346 0 1
f 384
r 69 0 1
r 347 0 1
f 564
w 199 0 1 254
r 124 0 1
r 504 0 1
r 471 0 1
r 339 0 1
r 555 0 1
r 375 0 0
r 152 0 1
r 174 0 1
r 452 0 1
r 145 0 1
r 112 0 1
a 2
w 611 0 1 156
a 1
w 612 0 1 208
w 472 0 1 250
w 258 0 1 224
r 214 0 1
r 58 0 1
r 437 0 1
r 204 0 1
r 581 0 1
r 106 0 1
r 65 0 1
r 5 0 1
r 125 0 1
r 206 0 1
r 478 0 1
w 370 0 1 199
w 165 0 1 230
r 397 0 1
r 338 0 1
r 22 0 1
r 521 0 1
r 52 0 1
r 484 0 1
r 3 0 1
r 69 0 1
r 448 0 1
r 56 0 1
f 222
w 105 0 1 57
r 17 0 1
r 135 0 1
r 581 0 1
r 352 0 1
r 51 0 1
r 48 0 1
r 376 0 1
r 189 0 1
r 78 0 1
f 51
w 465 0 1 125
w 372 0 1 172
r 268 0 1
r 391 0 1
a 1
w 613 0 1 96
w 585 0 1 222
r 311 0 1
r 577 0 1
r 214 0 1
r 234 0 1
r 55 0 1
r 432 0 1
r 2 0 1
r 182 0 1
r 205 0 1
r 448 0 1
r 541 0 1
r 517 0 1
r 80 0 1
r 354 0 1
r 439 0 1
r 57 0 1
r 30 0 1
r 200 0 1
r 558 0 1
a 1
w 614 0 1 103
w 260 0 1 251
w 290 0 1 149
r 210 0 1
r 55 0 1
r 566 0 1
r 48 0 1
w 272 0 1 233
w 246 44 145 191 238 17 201 183 141 231 152 244 227 127 59 157 190 0 216 63 160 15 109 142 138 221 89 80 37 186 150 175 9 25 75 157 95 236 4 123 138 113 146 83 68 157 178 205 240 52 72 166 29 191 29 239 141 245 105 218 6 239 8 113 48 14 206 188 205 151 74 220 195 92 80 52 180 239 140 75 76 36 99 4 19 121 8 146 112 201 26 63 250 145 64 73 98 174 75 171 152 156 24 163 20 167 250 63 221 143 93 78 130 203 114 143 78 107 91 233 222 71 34 40 24 33 147 196 210 161 93 43 194 17 238 177 14 94 147 71 55 195 15 91 128 228 232 252
w 295 0 1 75
w 388 0 1 114
r 482 0 1
r 428 0 1
r 59 0 1
r 45 0 1
w 307 0 1 81
w 544 0 1 17
f 315
w 571 0 1 5
a 2
w 615 0 1 113
w 7 0 1 90
r 374 0 1
r 318 0 1
r 582 0 1
r 474 0 1
r 481 0 1
w 340 0 1 24
r 538 0 1
r 131 0 1
w 422 0 1 150
w 64 0 1 120
w 375 0 1 25
w 469 0 1 252
w 523 0 1 122
w 185 0 1 218
r 531 0 1
r 184 0 1
r 568 0 1
r 131 0 1
r 269 0 1
r 379 0 1
w 12 0 1 130
f 436
w 115 0 1 154
w 355 0 1 158
a 2
w 616 0 1 207
w 368 0 1 76
w 485 0 1 130
r 207 0 1
r 480 0 1
r 351 0 1
r 37 0 1
r 459 0 1
r 124 0 1
r 204 0 1
r 220 0 1
r 597 0 1
r 49 0 1
r 511 0 1
r 511 0 1
r 573 0 1
r 196 0 1
r 330 0 1
r 10 0 1
r 272 0 1
r 296 0 1
r 182 0 1
r 149 0 1
r 437 0 1
f 140
w 25 0 1 123
w 560 0 1 252
w 608 0 1 126
w 466 0 1 197
w 3 0 1 253
w 498 0 1 56
a 1
w 617 0 1 230
w 327 0 1 127
r 342 0 1
r 453 0 1
r 616 0 1
r 218 0 1
r 57 0 1
r 47 0 1
r 161 0 1
r 560 0 1
r 151 0 1
r 492 0 1
r 579 0 1
r 190 0 1
r 410 0 1
r 556 0 1
r 472 0 1
r 461 0 1
r 451 0 1
r 392 0 1
r 246 39 63
r 463 0 1
r 546 0 1
w 566 0 1 108
w 13 0 1 15
w 414 0 1 7
r 442 0 1
r 96 0 1
r 555 0 1
r 153 0 1
w 188 0 1 246
w 480 0 1 247
r 283 0 1
r 52 0 1
r 181 0 1
r 291 0 1
w 299 0 1 128
r 40 0 1
r 137 0 1
r 28 0 1
r 493 0 1
r 69 0 1
r 242 0 1
r 345 0 1
r 590 0 1
r 63 0 1
r 267 0 1
r 329 0 1
w 60 0 1 128
w 461 0 1 197
w 184 0 1 76
w 371 0 1 62
w 166 0 1 46
w 448 0 1 178
w 524 0 1 72
w 578 0 1 255
w 411 0 1 95
r 477 0 1
w 183 0 1 158
w 14 0 1 118
w 536 0 1 252
r 555 0 1
r 582 0 1
r 403 0 1
r 555 0 1
r 502 0 1
r 94 0 1
w 249 0 1 99
r 289 0 1
r 519 0 1
r 209 0 1
r 297 0 1
r 55 0 1
r 615 0 1
r 498 0 1
r 469 0 1
r 494 0 1
f 589
w 372 0 1 191
w 28 0 1 103
r 151 0 1
f 47
w 545 0 1 242
w 517 0 1 59
r 484 0 1
r 275 0 1
r 497 0 0
a 1
w 618 0 1 179
r 225 0 1
r 350 0 1
r 27 0 1
r 526 0 1
r 18 0 1
r 185 0 1
f 522
w 457 0 1 54
r 109 0 1
r 65 0 1
a 2
w 619 0 1 11
w 123 0 1 4
r 145 0 1
r 594 0 1
r 282 0 1
r 583 0 1
r 613 0 1
r 497 0 0
a 1
w 620 0 1 182
r 181 0 1
r 301 0 1
r 543 0 1
r 427 0 1
r 604 0 1
r 302 0 1
w 186 0 1 165
r 563 0 1
r 137 0 1
f 127
w 169 0 1 215
w 329 0 1 27
r 451 0 1
r 341 0 1
r 350 0 1
r 197 0 1
r 386 0 1
r 515 0 1
r 335 0 1
r 561 0 1
r 244 0 1
r 338 0 1
r 208 0 1
r 210 0 1
r 539 0 0
r 398 0 1
r 165 0 1
r 234 0 1
r 164 0 1
r 255 0 1
r 525 0 1
r 78 0 1
r 285 0 1
r 165 0 1
r 145 0 1
a 1
w 621 0 1 221
r 194 0 1
r 99 0 1
r 8 0 1
r 403 0 1
r 516 0 1
r 397 0 1
r 215 0 1
r 275 0 1
r 481 0 1
r 118 0 1
w 530 0 1 164
w 254 0 1 169
w 528 0 1 76
f 46
r 409 0 1
r 376 0 1
r 199 0 1
a 1
w 622 0 1 10
w 349 0 1 157
w 311 0 1 58
w 161 0 1 252
r 206 0 1
r 455 0 1
r 502 0 1
r 420 0 1
r 516 0 1
r 295 0 1
r 392 0 1
w 527 0 1 132
r 97 0 1
r 309 0 1
r 227 0 1
r 72 0 1
r 258 0 1
r 322 0 1
r 519 0 1
r 511 0 1
r 207 0 1
r 35 0 1
w 211 0 1 51
r 312 0 1
r 156 0 1
r 235 0 1
r 108 0 1
f 410
r 69 0 1
r 537 0 1
r 403 0 1
f 366
f 32
r 549 0 1
r 400 0 1
r 87 0 1
r 153 0 1
r 182 0 1
r 135 0 1
r 161 0 1
r 257 0 1
a 1
w 623 0 1 56
r 212 0 1
f 477
r 310 0 1
r 567 0 1
r 225 0 1
r 16 0 1
r 585 0 1
a 2
w 624 0 1 7
w 507 0 1 184
w 578 0 1 189
r 430 0 1
r 128 0 1
f 526
w 226 0 1 178
w 245 0 1 254
w 435 0 1 201
w 174 0 1 181
r 618 0 1
r 138 0 1
r 119 0 1
r 236 0 1
r 68 0 1
a 1
w 625 0 1 155
r 331 0 1
r 592 0 1
r 272 0 1
a 2
w 626 0 1 207
w 119 0 1 232
w 128 0 1 1
w 300 0 1 141
w 413 0 1 99
w 538 0 1 219
r 126 0 1
r 305 0 1
r 586 0 1
r 577 0 1
r 124 0 1
r 454 0 1
r 119 0 1
r 210 0 1
r 459 0 1
r 142 0 1
a 1
w 627 0 1 104
w 55 0 1 206
w 4 0 1 85
w 342 0 1 145
w 325 0 1 73
w 590 0 1 114
w 500 0 1 93
w 551 0 1 205
w 601 0 1 30
w 576 0 1 36
w 82 0 1 44
w 397 0 1 99
r 351 0 1
r 91 0 1
r 237 0 1
r 576 0 1
r 129 0 1
r 500 0 1
r 129 0 1
r 277 0 1
r 122 0 1
f 1
w 543 0 1 212
r 596 0 1
r 467 0 1
r 412 0 1
r 396 0 1
r 604 0 1
r 601 0 1
r 536 0 1
r 68 0 1
r 553 0 1
a 1
w 628 0 1 134
w 409 0 1 120
w 43 0 1 56
r 510 0 1
r 137 0 1
w 132 0 1 127
r 256 0 1
r 272 0 1
r 355 0 1
r 87 0 1
r 569 0 1
r 35 0 1
r 469 0 1
r 610 0 1
w 186 0 1 231
w 77 0 1 249
w 340 0 1 181
w 88 0 1 42
r 110 0 1
r 580 0 1
r 357 0 1
r 399 0 1
r 260 0 1
r 352 0 1
r 433 0 1
w 54 0 1 64
r 122 0 1
r 203 0 1
r 281 0 1
w 439 0 1 85
r 463 0 1
f 431
r 606 0 1
r 225 0 1
r 610 0 1
r 403 0 1
r 448 0 1
r 397 0 1
r 257 0 1
f 11
r 427 0 1
r 383 0 1
r 529 0 1
a 2
w 629 0 1 116
w 137 0 1 165
r 104 0 1
a 1
w 630 0 1 196
w 629 0 1 137
w 625 0 1 15
r 606 0 1
r 575 0 1
r 530 0 1
r 149 0 1
r 503 0 1
r 629 0 1
r 108 0 1
r 226 0 1
r 499 0 1
r 401 0 1
r 357 0 1
r 37 0 1
f 101
w 178 0 1 246
w 386 0 1 135
w 56 0 1 0
w 108 0 1 240
w 440 0 1 117
r 446 0 1
r 385 0 1
r 493 0 1
a 1
w 631 0 1 51
w 196 0 1 113
w 195 0 1 52
r 179 0 1
r 73 0 1
r 555 0 1
r 150 0 1
r 541 0 1
r 600 0 1
r 529 0 1
r 217 0 1
w 561 0 1 131
w 469 0 1 239
r 512 0 1
r 279 0 1
r 161 0 1
w 291 0 1 228
w 367 0 1 28
r 185 0 1
r 310 0 1
r 381 0 1
r 267 0 1
r 282 0 1
r 476 0 1
r 340 0 1
r 325 0 1
r 397 0 1
r 184 0 1
w 283 0 1 103
w 608 0 1 32
w 464 0 1 162
r 120 0 1
r 544 0 1
r 461 0 1
r 113 0 1
r 248 0 1
r 451 0 1
r 313 0 1
r 361 0 1
r 3 0 1
r 498 0 1
r 164 0 1
r 320 0 1
r 448 0 1
r 218 0 1
r 351 0 1
r 619 0 1
r 435 0 1
f 242
r 91 0 1
r 254 0 1
r 427 0 1
r 34 0 1
r 622 0 1
r 96 0 1
r 426 0 1
r 94 0 1
r 164 0 1
r 551 0 1
r 626 0 1
r 200 0 1
r 308 0 1
r 301 0 1
a 1
w 632 0 1 221
w 300 0 1 223
w 596 0 1 172
r 231 0 1
r 479 0 1
r 179 0 1
r 106 0 1
r 341 0 1
r 532 0 1
r 482 0 1
r 488 0 1
r 325 0 1
r 385 0 1
r 568 0 1
r 343 0 1
r 412 0 1
r 374 0 1
r 8 0 1
r 64 0 1
r 78 0 1
r 257 0 1
r 465 0 1
r 142 0 1
r 419 0 1
r 28 0 1
r 585 0 1
r 18 0 1
r 610 0 1
r 23 0 1
r 517 0 1
r 459 0 1
r 209 0 1
r 21 0 1
f 379
w 629 0 1 54
w 273 0 1 239
f 499
w 550 0 1 104
w 282 0 1 109
a 1
w 633 0 1 146
w 163 0 1 141
r 398 0 1
r 344 0 1
a 1
w 634 0 1 243
w 271 0 1 252
r 74 0 1
r 265 0 1
r 403 0 1
r 23 0 1
r 463 0 1
r 419 0 1
r 34 0 1
r 583 0 1
r 212 0 1
r 103 0 1
r 240 0 1
r 409 0 1
r 592 0 1
r 575 0 1
r 269 0 1
r 203 0 1
r 113 0 1
r 406 0 1
r 562 0 1
r 254 0 1
r 236 0 1
r 334 0 1
r 44 0 1
r 319 0 1
r 617 0 1
r 209 0 1
r 409 0 1
f 391
r 358 0 1
r 42 0 1
r 367 0 1
r 328 0 1
a 1
w 635 0 1 211
w 100 0 1 120
w 190 0 1 246
w 617 0 1 196
w 355 0 1 102
w 44 0 1 159
r 401 0 1
r 335 0 1
r 62 0 1
r 19 0 1
r 508 0 1
r 64 0 1
w 540 0 1 79
r 394 0 1
r 624 0 1
r 381 0 1
r 192 0 1
r 219 0 1
r 178 0 1
r 136 0 1
r 308 0 1
f 582
r 395 0 1
r 62 0 1
r 508 0 1
r 136 0 1
r 213 0 1
r 178 0 1
r 10 0 1
r 626 0 1
a 1
w 636 0 1 105
w 183 0 1 31
w 493 0 1 49
r 555 0 1
r 208 0 1
r 342 0 1
f 353
r 360 0 1
r 94 0 1
r 322 0 1
r 309 0 1
r 503 0 1
a 2
w 637 0 1 217
w 335 0 1 192
r 568 0 1
r 352 0 1
f 465
r 144 0 1
r 12 0 1
r 418 0 1
r 471 0 1
a 1
w 638 0 1 235
r 52 0 1
f 108
r 498 0 1
r 151 0 1
r 540 0 0
r 50 0 1
r 172 0 1
r 72 0 1
r 123 0 1
r 146 0 1
r 398 0 1
r 301 0 1
r 575 0 1
r 249 0 1
r 246 83 28
r 252 0 1
r 209 0 1
r 604 0 1
r 504 0 1
r 503 0 1
r 280 0 1
r 193 0 1
r 269 0 1
r 55 0 1
r 65 0 1
a 1
w 639 0 1 221
w 160 0 1 55
r 216 0 1
w 447 0 1 10
w 167 0 1 54
w 629 0 1 236
w 451 0 1 133
w 237 0 1 181
w 188 0 1 223
r 19 0 1
r 130 0 1
r 576 0 1
r 316 0 1
r 273 0 1
r 422 0 1
r 64 0 1
r 609 0 1
r 395 0 1
r 248 0 1
r 128 0 1
r 446 0 1
r 304 0 1
r 282 0 1
w 254 0 1 173
r 352 0 1
r 481 0 1
r 276 0 1
r 409 0 1
r 439 0 1
r 265 0 1
r 406 0 1
r 323 0 1
f 274
w 630 0 1 217
w 255 0 1 107
w 561 0 1 31
w 217 0 1 207
r 494 0 1
r 606 0 1
r 636 0 1
a 1
w 640 0 1 193
w 625 0 1 83
r 608 0 1
r 70 0 1
r 114 0 1
r 336 0 1
r 106 0 1
f 476
r 41 0 1
r 191 0 1
r 362 0 1
f 374
w 567 0 1 46
r 90 0 1
a 1
w 641 0 1 244
w 177 0 1 8
w 354 0 1 102
w 543 0 1 106
r 290 0 1
r 324 0 1
a 1
w 642 0 1 212
w 189 0 1 1
r 427 0 1
w 104 0 1 107
w 474 0 1 145
w 258 0 1 201
w 355 0 1 170
r 17 0 1
r 596 0 1
r 568 0 1
r 245 0 1
f 122
w 81 0 1 157
r 25 0 1
r 69 0 1
r 572 0 1
r 527 0 1
r 415 0 1
r 321 0 1
r 449 0 1
r 106 0 1
r 628 0 1
f 58
w 158 0 1 196
w 540 0 1 28
w 395 0 1 57
r 8 0 1
r 291 0 1
r 151 0 1
a 1
w 643 0 1 242
r 267 0 1
a 1
w 644 0 1 245
f 542
a 1
w 645 0 1 17
w 509 0 1 22
r 210 0 1
r 400 0 1
r 568 0 1
r 584 0 1
r 167 0 1
r 377 0 1
r 267 0 1
r 249 0 1
r 196 0 1
r 552 0 1
r 267 0 1
r 266 0 1
r 208 0 1
r 602 0 1
r 326 0 1
w 187 0 1 117
f 226
r 434 0 1
r 513 0 1
r 613 0 1
r 623 0 1
r 488 0 1
r 563 0 1
r 429 0 1
r 453 0 1
f 428
r 209 0 1
r 124 0 1
r 148 0 1
r 305 0 1
a 2
w 646 0 1 19
w 162 0 1 127
w 631 0 1 61
w 494 0 1 73
w 14 0 1 230
w 592 0 1 99
f 433
w 90 0 1 129
w 102 0 1 235
r 168 0 1
r 588 0 1
a 1
w 647 0 1 23
r 278 0 1
r 594 0 1
r 518 0 1
r 297 0 1
r 570 0 1
r 120 0 1
r 404 0 1
r 10 0 1
r 443 0 1
r 397 0 1
f 387
w 299 0 1 56
w 301 0 1 175
w 97 0 1 203
r 373 0 1
r 334 0 1
r 468 0 1
r 491 0 1
a 1
w 648 0 1 57
r 452 0 1
r 562 0 1
r 126 0 1
r 126 0 1
a 1
w 649 0 1 132
r 525 0 1
r 411 0 1
r 111 0 1
w 551 0 1 196
r 77 0 1
r 468 0 1
r 339 0 1
r 458 0 1
r 442 0 1
r 292 0 1
r 14 0 1
r 161 0 1
w 22 0 1 17
r 552 0 1
r 434 0 1
r 520 0 1
r 69 0 1
r 198 0 1
r 597 0 1
r 80 0 1
f 102
w 610 0 1 35
r 95 0 1
f 626
w 94 0 1 45
w 355 0 1 180
w 492 0 1 31
f 517
r 63 0 1
r 492 0 1
r 156 0 1
a 2
w 650 0 1 247
r 99 0 1
r 24 0 1
r 223 0 1
r 392 0 1
r 452 0 1
a 2
w 651 0 1 248
w 212 0 1 22
r 167 0 1
a 1
w 652 0 1 190
r 271 0 1
r 132 0 1
r 39 0 1
r 546 0 1
r 629 0 1
r 650 0 1
r 482 0 1
r 588 0 1
r 632 0 1
r 440 0 1
r 68 0 1
r 400 0 1
r 370 0 1
r 207 0 1
r 504 0 1
r 622 0 1
r 371 0 0
w 456 0 1 209
r 631 0 1
r 451 0 1
r 275 0 1
r 649 0 1
r 162 0 1
r 430 0 1
w 54 0 1 252
r 585 0 1
r 358 0 1
f 432
w 125 0 1 11
w 474 0 1 197
w 73 0 1 125
w 111 0 1 146
w 204 0 1 151
w 408 0 1 132
w 508 0 1 94
w 91 0 1 183
r 357 0 1
r 124 0 1
r 191 0 1
r 558 0 1
r 186 0 1
r 331 0 1
r 258 0 1
r 312 0 1
r 270 0 1
r 188 0 1
r 204 0 1
r 180 0 1
r 513 0 1
r 648 0 1
r 397 0 1
r 514 0 1
r 63 0 1
r 48 0 1
r 257 0 1
r 148 0 1
f 523
w 503 0 1 190
w 480 0 1 124
w 527 0 1 138
w 44 0 1 218
r 95 0 1
r 91 0 1
r 599 0 1
r 562 0 1
r 141 0 1
a 1
w 653 0 1 41
w 166 0 1 132
w 631 0 1 24
a 1
w 654 0 1 101
w 371 0 1 133
w 301 0 1 135
r 512 0 1
r 94 0 1
r 615 0 1
r 622 0 1
r 348 0 1
w 257 0 1 120
r 625 0 1
w 593 0 1 140
w 450 0 1 53
r 120 0 1
r 585 0 1
r 594 0 1
r 25 0 1
r 223 0 1
r 341 0 1
w 557 1 37 165 68 201 101 230 102 252 36 246 83 117 114 212 194 79 100 36 106 31 84 51 223 18 51 150 213 21 106 100 111 32 97 250 139 136 234 155
r 560 0 1
w 74 0 1 115
w 33 0 1 214
r 364 0 1
r 5 0 1
r 372 0 1
r 241 0 1
r 69 0 1
r 530 0 1
r 187 0 1
f 139
w 85 0 1 230
r 330 0 1
r 342 0 1
r 482 0 1
r 603 0 1
r 230 0 1
r 56 0 1
r 427 0 1
f 508
w 2 0 1 221
w 593 0 1 138
w 297 0 1 140
w 49 0 1 127
w 195 0 1 115
w 321 0 1 94
w 220 0 1 25
w 454 0 1 170
w 443 0 1 218
a 1
w 655 0 1 122
w 472 0 1 132
w 272 0 1 105
w 378 0 1 51
w 330 0 1 255
w 94 0 1 177
r 635 0 1
r 563 0 1
r 486 0 1
a 1
w 656 0 1 105
w 90 0 1 218
w 215 0 1 53
r 289 0 1
r 59 0 1
f 631
w 547 0 1 216
w 299 0 1 170
w 88 0 1 69
r 571 0 1
r 402 0 1
r 276 0 1
r 597 0 1
r 256 0 1
a 1
w 657 0 1 133
w 233 0 1 118
w 73 0 1 158
w 385 0 1 172
w 382 0 1 183
r 370 0 1
r 577 0 1
r 644 0 1
r 191 0 1
w 132 0 1 53
w 519 0 1 33
w 57 0 1 176
w 301 0 1 234
w 350 0 1 13
r 510 0 1
r 461 0 1
f 359
r 116 0 1
r 3 0 1
r 163 0 1
r 286 0 1
a 1
w 658 0 1 51
w 249 0 1 206
w 113 0 1 12
r 78 0 1
r 557 13 13
r 319 0 1
r 377 0 1
w 36 0 1 215
w 623 0 1 58
w 388 0 1 29
w 415 0 1 106
r 14 0 1
r 184 0 1
r 301 0 1
f 424
w 121 0 1 89
a 1
w 659 0 1 96
f 83
r 185 0 1
r 72 0 1
r 156 0 1
r 17 0 1
r 84 0 1
r 271 0 1
r 556 0 1
r 159 0 1
a 1
w 660 0 1 61
r 620 0 1
r 249 0 1
r 186 0 1
r 591 0 1
f 128
r 458 0 1
r 104 0 1
r 604 0 1
r 312 0 1
r 63 0 1
r 567 0 1
r 621 0 1
r 555 0 1
r 597 0 1
r 167 0 1
a 1
w 661 0 1 36
r 262 0 1
r 388 0 0
r 44 0 1
r 95 0 1
r 279 0 1
r 137 0 1
r 114 0 1
r 236 0 1
r 335 0 1
r 8 0 1
r 69 0 1
r 402 0 1
r 229 0 1
r 155 0 1
r 607 0 1
r 3 0 1
r 212 0 1
r 393 0 1
r 167 0 1
r 40 0 1
r 457 0 1
r 544 0 1
r 296 0 1
r 40 0 1
r 544 0 1
r 160 0 1
f 398
r 467 0 1
a 1
w 662 0 1 221
w 153 0 1 106
w 298 0 1 40
r 572 0 1
w 619 0 1 48
r 90 0 1
r 236 0 1
r 654 0 1
f 505
r 61 0 1
r 621 0 1
r 166 0 1
a 1
w 663 0 1 55
w 141 0 1 215
r 166 0 1
r 135 0 1
r 3 0 1
r 440 0 1
w 644 0 1 133
w 221 0 1 202
r 414 0 1
r 342 0 1
w 332 0 1 180
w 386 0 1 59
w 121 0 1 28
w 174 0 1 224
w 540 0 1 186
w 239 0 1 226
r 576 0 1
r 587 0 1
r 115 0 1
r 147 0 1
r 527 0 1
r 319 0 1
r 322 0 1
r 360 0 1
r 325 0 1
r 176 0 1
r 136 0 1
r 386 0 1
r 48 0 1
r 490 0 1
r 68 0 1
r 358 0 1
r 553 0 1
r 87 0 1
r 598 0 1
r 560 0 1
r 183 0 1
r 190 0 1
r 481 0 1
r 18 0 1
r 115 0 1
r 72 0 1
r 247 0 1
r 279 0 1
r 99 0 1
r 540 0 0
r 131 0 1
r 468 0 1
w 480 0 1 61
w 562 0 1 198
w 231 0 1 218
w 372 0 1 70
w 503 0 1 196
w 549 0 1 160
w 129 0 1 29
w 358 0 1 90
w 588 0 1 101
w 512 0 1 237
w 294 0 1 108
w 268 0 1 240
w 516 0 1 11
w 643 0 1 98
w 201 0 1 153
r 229 0 1
r 198 0 1
f 487
r 450 0 1
r 35 0 1
a 1
w 664 0 1 64
w 214 0 1 122
r 641 0 1
r 87 0 1
r 579 0 1
r 528 0 1
r 37 0 1
w 132 0 1 231
w 154 0 1 175
r 231 0 1
r 654 0 1
r 551 0 1
r 276 0 1
r 547 0 1
r 614 0 1
r 350 0 1
r 88 0 1
r 418 0 1
r 382 0 1
r 447 0 1
w 34 0 1 86
w 217 0 1 53
r 518 0 1
w 594 0 1 7
r 370 0 1
r 591 0 1
r 172 0 1
r 554 0 1
r 443 0 1
r 231 0 1
r 94 0 1
r 611 0 1
r 640 0 1
r 622 0 1
r 154 0 1
w 456 0 1 8
r 463 0 1
r 237 0 1
r 430 0 1
r 184 0 1
r 585 0 1
w 481 0 1 163
r 649 0 1
r 33 0 1
r 49 0 1
r 446 0 1
r 9 0 1
r 224 0 1
r 486 0 1
r 617 0 1
r 296 0 1
r 216 0 1
r 578 0 1
r 180 0 1
r 346 0 1
r 298 0 1
r 217 0 1
r 240 0 1
r 540 0 0
r 458 0 1
r 600 0 1
r 325 0 1
r 538 0 1
r 75 0 1
r 111 0 1
r 622 0 1
f 183
w 251 0 1 56
w 277 0 1 121
w 664 0 1 143
r 539 0 0
r 520 0 1
f 133
r 135 0 1
r 481 0 1
r 520 0 1
a 1
w 665 0 1 112
w 427 0 1 164
r 326 0 1
r 234 0 1
r 187 0 1
r 400 0 1
r 430 0 1
a 1
w 666 0 1 255
r 240 0 1
r 658 0 1
r 632 0 1
r 125 0 1
r 307 0 1
r 369 0 1
r 67 0 1
r 372 0 1
r 585 0 1
r 539 0 0
r 376 0 1
r 89 0 1
r 303 0 1
r 453 0 1
r 158 0 1
r 639 0 1
f 665
w 67 0 1 168
w 544 0 1 148
w 241 0 1 159
w 269 0 1 224
r 150 0 1
r 513 0 1
r 601 0 1
r 138 0 1
r 632 0 1
a 1
w 667 0 1 52
w 28 0 1 37
w 263 0 1 236
r 510 0 1
r 474 0 1
r 163 0 1
r 664 0 1
r 134 0 1
r 363 0 1
r 403 0 1
r 493 0 1
r 530 0 1
r 375 0 0
r 62 0 1
r 367 0 1
r 468 0 1
w 86 0 1 189
r 76 0 1
r 666 0 1
r 132 0 1
r 395 0 1
r 213 0 1
r 196 0 1
r 484 0 1
r 490 0 1
w 495 0 1 6
w 520 0 1 184
r 30 0 1
r 94 0 1
r 322 0 1
r 351 0 1
r 66 0 1
r 221 0 1
r 594 0 1
r 142 0 1
r 291 0 1
r 598 0 1
r 202 0 1
r 152 0 1
r 15 0 1
r 21 0 1
r 640 0 1
r 367 0 1
r 188 0 1
r 313 0 1
r 267 0 1
r 491 0 1
r 96 0 1
w 393 0 1 239
w 42 0 1 166
w 540 0 1 54
w 574 0 1 206
w 367 0 1 38
r 170 0 1
w 343 0 1 185
w 535 0 1 237
w 473 0 1 80
r 357 0 1
w 418 0 1 62
w 149 0 1 169
w 113 0 1 115
w 635 0 1 28
w 37 0 1 37
w 126 0 1 188
w 576 0 1 98
w 153 0 1 255
r 272 0 1
r 41 0 1
r 634 0 1
r 260 0 1
r 43 0 1
r 48 0 1
r 38 0 1
r 645 0 1
r 607 0 1
r 151 0 1
r 22 0 1
r 295 0 1
r 411 0 1
w 408 0 1 16
w 158 0 1 240
w 113 0 1 15
w 121 0 1 86
w 346 0 1 83
w 592 0 1 84
r 667 0 0
r 191 0 1
r 625 0 1
r 96 0 1
r 368 0 1
r 456 0 1
r 531 0 1
r 142 0 1
r 93 0 1
r 612 0 1
r 381 0 1
r 266 0 1
r 230 0 1
r 581 0 1
r 262 0 1
r 643 0 1
r 566 0 1
r 447 0 1
r 192 0 1
r 224 0 1
r 360 0 1
r 123 0 1
r 578 0 1
r 5 0 1
r 381 0 1
r 77 0 1
r 420 0 1
r 541 0 1
r 442 0 1
r 281 0 1
r 138 0 1
r 559 0 1
f 53
w 209 0 1 199
w 146 0 1 29
r 361 0 1
r 107 0 1
r 512 0 1
a 1
w 668 0 1 205
w 559 0 1 105
w 585 0 1 230
r 348 0 1
r 344 0 1
r 199 0 1
r 567 0 1
r 299 0 1
f 25
w 323 0 1 93
r 524 0 0
a 1
w 669 0 1 187
r 581 0 1
r 173 0 1
r 430 0 1
f 129
a 1
w 670 0 1 89
r 56 0 1
r 461 0 1
r 263 0 1
r 550 0 1
r 515 0 1
r 492 0 1
r 415 0 1
w 624 0 1 140
w 89 0 1 193
r 550 0 1
r 23 0 1
r 636 0 1
r 458 0 1
f 326
w 189 0 1 111
r 223 0 1
r 622 0 1
a 1
w 671 0 1 190
w 580 0 1 98
w 270 0 1 13
w 37 0 1 232
r 30 0 1
r 258 0 1
f 470
w 56 0 1 25
r 415 0 1
a 1
w 672 0 1 67
r 246 95 32
r 22 0 1
r 575 0 1
r 277 0 1
r 240 0 1
r 486 0 1
r 214 0 1
r 56 0 1
r 184 0 1
r 605 0 1
r 273 0 1
r 406 0 1
r 273 0 1
r 180 0 1
w 451 0 1 163
w 565 0 1 13
w 573 0 1 236
r 240 0 1
r 107 0 1
r 447 0 1
w 142 0 1 16
r 386 0 1
r 569 0 1
r 538 0 1
r 23 0 1
r 135 0 1
w 310 0 1 51
w 553 0 1 133
w 231 0 1 237
w 96 0 1 13
w 418 0 1 166
w 290 0 1 110
w 314 0 1 255
r 68 0 1
r 276 0 1
r 606 0 1
r 22 0 1
r 601 0 1
r 275 0 1
f 229
r 13 0 1
a 1
w 673 0 1 115
r 390 0 1
f 2
w 639 0 1 208
w 575 0 1 255
r 164 0 1
r 434 0 1
r 552 0 1
r 74 0 1
f 210
w 236 0 1 131
w 179 0 1 36
w 656 0 1 94
w 264 0 1 171
w 227 0 1 68
w 338 0 1 64
r 15 0 1
r 543 0 1
f 633
r 457 0 1
a 1
w 674 0 1 179
r 189 0 1
a 2
w 675 0 1 80
w 361 0 1 91
w 87 0 1 71
w 485 0 1 234
w 364 0 1 22
w 196 0 1 204
a 1
w 676 0 1 128
r 179 0 1
r 233 0 1
r 426 0 1
w 352 0 1 222
r 404 0 1
w 64 0 1 215
w 521 0 1 229
r 314 0 1
r 554 0 1
r 0 0 1
r 184 0 1
r 191 0 1
r 570 0 1
r 657 0 1
f 230
r 158 0 1
r 317 0 1
r 287 0 1
f 91
w 80 0 1 89
w 225 0 1 213
r 557 29 6
r 468 0 1
a 1
w 677 0 1 79
a 1
w 678 0 1 41
w 155 0 1 134
r 327 0 1
r 427 0 1
w 19 0 1 156
w 218 0 1 171
w 614 0 1 196
r 259 0 1
w 646 0 1 85
r 590 0 1
r 264 0 1
r 519 0 1
f 671
r 290 0 1
r 87 0 1
r 308 0 1
r 300 0 1
r 485 0 1
r 675 0 1
r 55 0 1
f 251
f 0
f 628
f 675
f 3
f 4
f 5
f 6
f 7
f 8
f 9
f 10
f 630
f 12
f 13
f 14
f 15
f 16
f 17
f 18
f 19
f 20
f 21
f 22
f 23
f 24
f 669
f 26
f 27
f 28
f 609
f 30
f 31
f 623
f 33
f 34
f 35
f 36
f 37
f 38
f 39
f 40
f 41
f 42
f 43
f 44
f 45
f 622
f 618
f 48
f 49
f 50
f 614
f 52
f 668
f 54
f 55
f 56
f 57
f 644
f 59
f 60
f 61
f 62
f 63
f 64
f 65
f 66
f 67
f 68
f 69
f 70
f 71
f 72
f 73
f 74
f 75
f 76
f 77
f 78
f 79
f 80
f 81
f 82
f 660
f 84
f 85
f 86
f 87
f 88
f 89
f 90
f 677
f 92
f 93
f 94
f 95
f 96
f 97
f 98
f 99
f 100
f 657
f 650
f 103
f 104
f 105
f 106
f 107
f 639
f 109
f 110
f 111
f 112
f 113
f 114
f 115
f 116
f 117
f 118
f 119
f 120
f 121
f 643
f 123
f 124
f 125
f 126
f 621
f 661
f 670
f 130
f 131
f 132
f 667
f 134
f 135
f 136
f 137
f 138
f 656
f 617
f 141
f 142
f 606
f 144
f 145
f 146
f 147
f 148
f 149
f 150
f 151
f 152
f 153
f 154
f 155
f 156
f 601
f 158
f 159
f 160
f 161
f 162
f 163
f 164
f 165
f 166
f 167
f 168
f 169
f 170
f 171
f 172
f 173
f 174
f 175
f 176
f 177
f 178
f 179
f 180
f 181
f 182
f 666
f 184
f 185
f 186
f 187
f 188
f 189
f 190
f 191
f 192
f 193
f 194
f 195
f 196
f 197
f 198
f 199
f 200
f 201
f 202
f 203
f 204
f 205
f 206
f 207
f 208
f 209
f 676
f 211
f 212
f 213
f 214
f 215
f 216
f 217
f 218
f 219
f 220
f 221
f 613
f 223
f 224
f 225
f 647
f 227
f 610
f 673
f 678
f 231
f 232
f 233
f 234
f 235
f 236
f 237
f 600
f 239
f 240
f 241
f 632
f 602
f 244
f 245
f 246
f 247
f 248
f 249
f 250
f 252
f 253
f 254
f 255
f 256
f 257
f 258
f 259
f 260
f 261
f 262
f 263
f 264
f 265
f 266
f 267
f 268
f 269
f 270
f 271
f 272
f 273
f 640
f 275
f 276
f 277
f 278
f 279
f 280
f 281
f 282
f 283
f 284
f 285
f 286
f 287
f 288
f 289
f 290
f 291
f 292
f 293
f 294
f 295
f 296
f 297
f 298
f 299
f 300
f 301
f 302
f 303
f 304
f 305
f 306
f 307
f 308
f 309
f 310
f 311
f 312
f 313
f 314
f 615
f 316
f 317
f 318
f 319
f 320
f 321
f 322
f 323
f 324
f 325
f 327
f 328
f 329
f 330
f 331
f 332
f 333
f 334
f 335
f 336
f 337
f 338
f 339
f 340
f 341
f 342
f 343
f 344
f 345
f 346
f 347
f 348
f 349
f 350
f 351
f 352
f 637
f 354
f 355
f 356
f 357
f 358
f 658
f 360
f 361
f 362
f 363
f 364
f 365
f 625
f 367
f 368
f 369
f 370
f 371
f 372
f 373
f 641
f 375
f 376
f 377
f 378
f 674
f 380
f 381
f 382
f 383
f 612
f 385
f 386
f 649
f 388
f 389
f 390
f 635
f 392
f 393
f 394
f 395
f 396
f 397
f 662
f 399
f 400
f 401
f 402
f 403
f 404
f 405
f 406
f 407
f 408
f 409
f 627
f 411
f 412
f 413
f 414
f 415
f 416
f 417
f 418
f 419
f 420
f 421
f 422
f 423
f 659
f 603
f 426
f 427
f 646
f 429
f 430
f 629
f 654
f 648
f 434
f 435
f 616
f 437
f 438
f 439
f 440
f 441
f 442
f 443
f 605
f 445
f 446
f 447
f 448
f 449
f 450
f 451
f 452
f 453
f 454
f 455
f 456
f 457
f 458
f 459
f 460
f 461
f 462
f 463
f 464
f 638
f 466
f 467
f 468
f 469
f 672
f 471
f 472
f 473
f 474
f 475
f 642
f 624
f 478
f 479
f 480
f 481
f 482
f 483
f 484
f 485
f 486
f 664
f 488
f 608
f 490
f 491
f 492
f 493
f 494
f 495
f 496
f 497
f 498
f 634
f 500
f 501
f 502
f 503
f 504
f 663
f 607
f 507
f 655
f 509
f 510
f 511
f 512
f 513
f 514
f 515
f 516
f 652
f 518
f 519
f 520
f 521
f 619
f 653
f 524
f 525
f 651
f 527
f 528
f 529
f 530
f 531
f 532
f 533
f 534
f 535
f 536
f 537
f 538
f 539
f 540
f 541
f 645
f 543
f 544
f 545
f 546
f 547
f 548
f 549
f 550
f 551
f 552
f 553
f 554
f 555
f 556
f 557
f 558
f 559
f 560
f 561
f 562
f 563
f 611
f 565
f 566
f 567
f 568
f 569
f 570
f 571
f 572
f 573
f 574
f 575
f 576
f 577
f 578
f 579
f 580
f 581
f 636
f 583
f 584
f 585
f 586
f 587
f 588
f 620
f 590
f 591
f 592
f 593
f 594
f 604
f 596
f 597
f 598
f 599

