75 1 465
74 1 2 4
a 3
w 0 0 1 163
a 36
w 1 2 21 84 163 12 139 82 99 174 192 216 67 222 115 105 232 112 21 77 39 208 205 214
a 1
w 2 0 1 235
a 1
w 3 0 1 55
a 9
w 4 0 5 248 199 163 184 140
f 4
w 2 0 1 78
w 0 0 1 53
w 3 0 1 190
r 2 0 1
f 3
w 1 2 21 76 36 103 70 185 34 10 123 145 223 7 215 165 123 172 175 91 70 66 71 89
w 2 0 1 93
w 0 0 1 0
w 0 0 1 247
a 6
w 5 0 3 93 84 136
r 0 0 1
r 5 2 1
r 2 0 1
r 5 1 2
r 1 3 13
r 2 0 1
r 2 0 1
r 1 6 14
f 5
a 3
w 6 0 1 77
w 2 0 1 157
w 0 0 1 231
r 2 0 1
r 6 0 1
r 0 0 1
r 0 0 1
r 1 8 11
r 0 0 1
r 0 0 1
r 6 0 1
r 2 0 1
r 2 0 1
r 1 11 10
r 6 0 1
r 2 0 1
r 2 0 1
r 1 4 16
r 0 0 1
r 2 0 1
r 6 0 1
w 6 0 1 136
w 2 0 1 230
w 2 0 1 76
w 0 0 1 167
r 1 8 11
a 5
w 7 0 3 6 93 116
w 1 16 2 226 161
w 2 0 1 186
r 1 10 9
r 6 0 1
r 1 5 7
r 7 2 0
f 0
w 2 0 1 227
w 6 0 1 109
w 2 0 1 88
w 6 0 1 108
w 1 1 17 254 76 7 230 153 213 1 199 50 108 157 68 110 116 10 113 14
w 1 14 3 134 229 187
r 2 0 1
f 6
a 2
w 8 0 1 121
r 8 0 1
f 7
r 1 12 0
f 8
w 2 0 1 65
f 1
a 17
w 9 0 11 58 162 13 135 148 59 218 229 161 57 202
r 9 4 4
r 2 0 1
a 10
w 10 0 7 238 97 103 63 110 206 15
a 4
w 11 0 2 159 122
w 9 0 2 13 227
r 11 0 1
r 10 2 1
r 9 0 6
r 2 0 1
r 10 2 3
r 11 0 2
f 11
w 10 2 1 152
w 10 1 4 47 113 29 21
w 2 0 1 94
r 10 0 6
r 10 1 3
w 2 0 1 252
r 9 2 2
a 10
w 12 0 6 79 159 56 161 111 220
a 5
w 13 0 2 104 246
r 10 4 1
r 12 2 2
r 2 0 1
r 13 0 2
r 10 1 1
a 7
w 14 0 4 179 114 173 253
r 10 5 2
r 14 0 3
r 10 4 1
r 10 1 5
r 2 0 1
r 12 1 2
r 9 8 1
r 9 4 6
r 12 5 1
r 12 3 2
r 12 0 3
r 13 1 0
f 14
w 9 0 6 179 11 70 240 63 251
r 12 4 0
r 12 2 4
r 13 1 1
r 9 4 7
f 10
r 12 2 0
a 11
w 15 1 6 148 143 237 112 129 21
w 2 0 1 11
w 13 1 1 208
r 12 3 3
r 15 4 2
a 4
w 16 0 2 227 92
r 13 1 1
f 12
w 9 2 3 10 158 45
w 9 0 2 213 239
r 16 1 0
a 2
w 17 0 1 118
w 15 0 3 8 79 173
a 3
w 18 0 1 106
w 16 0 1 4
w 15 2 4 44 8 88 120
r 9 6 4
r 2 0 1
r 15 4 2
r 17 0 1
r 17 0 1
r 17 0 1
r 16 0 1
r 18 0 1
f 9
w 2 0 1 58
w 17 0 1 5
w 13 0 2 194 77
r 15 0 2
r 13 1 1
r 13 0 1
a 2
w 19 0 1 14
r 19 0 1
r 15 3 0
r 17 0 1
r 13 1 1
r 16 0 1
r 18 0 1
r 13 1 1
r 18 0 1
f 2
w 16 0 2 49 94
a 7
w 20 0 4 204 111 186 58
w 20 0 3 24 104 190
w 16 1 1 208
f 19
w 13 0 2 67 49
r 15 5 0
r 15 1 3
r 15 3 2
r 20 2 0
r 15 6 0
r 16 0 1
r 13 1 0
r 13 1 0
a 12
w 21 0 9 137 23 225 58 188 67 248 107 7
w 18 0 1 20
r 20 2 1
r 16 0 2
r 15 1 3
r 17 0 1
r 17 0 1
r 20 2 1
r 21 3 4
r 15 0 6
r 13 0 1
r 18 0 1
r 16 0 2
r 17 0 1
r 15 1 1
r 15 4 1
a 4
w 22 0 2 81 178
a 1
w 23 0 1 249
w 15 1 6 43 51 126 194 114 42
r 22 1 1
r 16 0 2
a 1
w 24 0 1 156
w 20 1 3 42 230 28
r 17 0 1
r 21 2 7
r 20 0 3
r 15 1 5
r 16 0 2
f 24
w 22 1 1 121
r 17 0 1
r 20 1 2
r 17 0 1
r 16 1 1
r 21 1 8
r 18 0 1
r 17 0 1
r 16 0 1
r 23 0 1
r 16 0 1
r 21 1 2
r 18 0 1
r 21 3 3
r 13 0 1
r 23 0 1
r 23 0 1
r 18 0 1
r 15 4 3
f 18
w 20 0 3 188 168 201
w 21 6 1 141
w 13 0 1 212
r 16 0 1
f 23
w 17 0 1 202
r 22 0 1
r 21 6 0
r 15 3 2
r 20 1 2
r 13 1 0
r 20 3 0
r 20 3 0
r 17 0 1
r 17 0 1
a 1
w 25 0 1 50
r 25 0 1
r 15 3 3
r 15 6 1
f 17
r 15 1 5
r 20 1 1
r 21 0 3
w 25 0 1 183
w 20 0 3 230 25 209
w 13 0 1 239
f 21
a 3
w 26 0 1 56
w 16 0 1 232
w 26 0 1 29
w 16 0 1 165
w 15 1 6 56 71 254 197 91 181
w 13 1 1 64
r 20 2 1
r 26 0 1
r 15 4 3
a 4
w 27 0 2 30 63
w 27 0 1 115
w 16 0 2 234 8
r 13 0 2
r 16 1 1
a 2
w 28 0 1 179
w 28 0 1 240
w 22 1 1 73
a 9
w 29 0 6 248 108 220 245 128 64
w 25 0 1 158
w 29 3 3 114 34 234
f 16
w 29 0 3 147 198 201
w 22 0 2 38 118
r 15 2 2
r 28 0 1
r 15 1 0
a 4
w 30 0 1 86
r 30 0 1
r 29 4 1
r 30 0 1
r 15 2 1
r 29 2 2
r 15 4 0
r 13 0 1
r 29 2 3
r 27 0 2
r 25 0 1
r 28 0 1
r 30 0 1
f 27
r 26 0 1
r 13 1 1
r 29 3 2
r 13 1 0
r 25 0 1
r 20 1 1
r 15 2 1
a 4
w 31 0 2 211 218
w 26 0 1 242
w 29 1 1 207
r 26 0 1
r 20 1 2
w 25 0 1 48
w 29 0 5 248 145 163 222 247
w 13 1 1 130
w 13 0 1 195
w 22 0 1 187
f 29
w 22 0 2 106 224
w 26 0 1 77
w 28 0 1 74
r 13 1 1
r 13 0 2
r 30 0 1
f 28
r 25 0 1
r 30 0 1
r 15 3 4
r 15 1 5
r 31 1 1
r 22 1 1
r 22 1 1
r 31 1 0
r 30 0 1
f 26
w 31 0 1 218
w 20 0 3 118 250 131
r 13 1 1
r 20 0 2
r 20 0 2
r 31 1 0
a 2
w 32 0 1 84
w 25 0 1 204
w 15 2 3 45 168 159
f 15
w 13 0 1 67
r 31 0 2
r 20 3 0
r 30 0 1
r 32 0 1
r 13 0 2
r 25 0 1
r 30 0 1
r 13 1 1
a 5
w 33 0 2 253 247
w 22 0 1 107
r 25 0 1
r 20 3 0
r 33 0 1
r 32 0 1
a 9
w 34 0 6 55 138 2 156 113 24
w 34 1 3 195 83 138
w 31 0 1 216
a 1
w 35 0 1 148
r 20 1 2
r 22 1 0
r 20 2 2
f 34
r 31 1 1
r 25 0 1
r 22 0 1
w 20 1 3 246 206 137
w 31 0 1 57
r 31 1 1
r 35 0 1
r 33 1 1
r 13 1 0
r 32 0 1
r 33 1 1
a 5
w 36 0 2 89 230
r 32 0 1
r 30 0 1
r 36 1 1
a 7
w 37 0 4 244 31 157 91
r 36 0 2
r 25 0 1
r 32 0 1
r 30 0 1
r 31 1 1
a 5
w 38 0 3 149 8 96
r 20 3 1
f 33
w 31 1 1 139
w 38 2 1 44
w 37 2 1 65
w 37 2 2 151 200
w 30 0 1 199
w 35 0 1 73
r 31 1 1
a 3
w 39 0 1 104
r 39 0 1
r 35 0 1
r 30 0 1
r 13 0 1
r 39 0 1
r 37 3 0
r 13 0 2
r 30 0 1
r 30 0 1
r 37 1 0
r 39 0 1
a 2
w 40 0 1 229
w 38 1 2 121 180
w 32 0 1 51
r 35 0 1
r 25 0 1
r 13 1 0
f 20
r 32 0 1
f 30
f 32
f 38
f 37
f 25
f 22
f 13
f 35
f 36
f 40
f 39
f 31

