281 27 626
12 255 0 0
13 255 0 0
14 255 0 0
15 255 0 0
16 255 0 0
17 255 0 0
18 255 0 0
19 255 0 0
20 255 0 0
21 255 0 0
22 255 0 0
23 255 0 0
24 255 0 0
25 255 0 0
26 255 0 0
27 255 0 0
28 255 0 0
29 255 0 0
34 0 255 0
160 1 8 0
161 2 16 0
162 4 32 0
163 8 64 0
164 16 128 0
165 32 0 0
166 64 0 0
167 128 0 0
a 5
w 0 0 3 84 160 44
a 10
w 1 0 7 15 54 102 242 33 45 73
a 5
w 2 0 3 0 0 0
a 3
w 3 0 1 0
a 2
w 4 0 1 0
a 7
w 5 0 4 0 0 0 0
a 106
w 6 11 68 8 156 124 17 98 67 113 216 137 95 209 23 128 28 218 185 110 242 224 244 224 217 235 155 152 69 154 58 103 69 77 164 180 234 81 67 101 146 220 216 255 189 219 198 175 221 102 58 20 102 139 124 66 250 119 189 158 148 181 59 130 53 35 43 200 68 86 184
a 7
w 7 0 5 208 47 1 24 152
a 4
w 8 0 2 184 171
a 10
w 9 0 7 58 37 193 89 159 58 116
a 3
w 10 0 1 20
a 63
w 11 0 45 99 228 174 27 179 115 176 140 82 2 223 70 128 149 251 134 3 70 65 185 118 20 169 95 155 29 83 119 162 106 175 6 191 187 41 112 64 112 113 137 34 216 104 179 107
a 8
w 12 0 4 130 189 226 163
a 10
w 13 0 7 76 40 74 186 206 150 72
a 9
w 14 0 5 128 155 142 129 50
a 4
w 15 0 2 243 57
f 4
w 13 0 6 93 22 141 162 75 170
w 6 4 57 209 60 235 241 176 108 150 6 71 183 41 178 213 173 22 201 52 75 237 15 146 79 50 214 211 113 73 149 190 8 194 144 38 111 188 81 146 18 173 60 190 241 176 194 214 201 2 188 11 85 39 252 24 117 140 25 187
w 11 0 51 51 66 131 79 59 45 221 74 224 230 46 230 15 194 151 69 91 36 89 164 146 161 52 131 181 139 95 209 26 175 109 118 57 202 241 97 29 111 1 20 194 254 189 174 95 33 247 192 195 128 139
r 0 0 3
f 10
r 1 1 4
r 0 0 3
r 3 0 1
r 14 1 0
r 14 1 1
r 9 2 3
r 1 1 2
r 15 0 1
r 7 0 4
r 7 1 3
a 3
w 16 0 1 202
r 16 0 1
r 3 0 1
r 15 0 1
r 0 2 1
r 9 0 1
f 12
r 14 3 1
a 4
w 17 0 2 209 81
w 1 2 1 211
w 1 1 2 138 25
w 14 1 2 43 44
w 16 0 1 234
w 9 3 1 37
w 13 1 3 91 208 98
w 16 0 1 157
r 16 0 1
r 0 1 0
a 4
w 18 0 2 190 17
r 5 2 1
r 14 1 3
r 16 0 1
r 17 1 0
r 6 64 11
r 11 27 16
r 2 1 1
r 9 2 0
f 17
r 11 22 4
r 16 0 1
r 9 2 0
r 3 0 1
r 18 1 0
r 2 1 0
r 2 2 0
r 7 0 1
r 15 0 2
a 4
w 19 0 2 104 28
w 18 1 1 17
r 14 3 1
r 16 0 1
r 9 4 1
a 2
w 20 0 1 0
w 15 0 1 170
w 2 1 2 0 0
w 11 13 28 81 205 194 70 51 175 197 154 192 187 136 19 99 105 209 237 245 176 219 136 154 69 219 189 107 197 129 207
r 9 4 3
r 1 3 1
r 13 5 0
f 14
w 11 22 18 211 124 82 155 68 217 132 12 150 231 181 120 190 242 161 103 2 194
w 0 1 1 230
r 16 0 1
r 7 1 0
r 16 0 1
r 3 0 1
r 15 0 2
r 9 2 2
r 9 2 1
r 18 0 1
r 5 1 3
r 9 1 4
r 5 1 1
r 7 1 2
r 19 1 1
a 9
w 21 0 6 168 179 55 49 216 91
w 15 1 1 47
w 13 2 3 37 92 103
r 3 0 1
r 1 5 0
r 15 1 1
r 19 1 1
r 6 43 20
r 18 0 2
r 8 1 0
r 13 3 0
r 13 4 1
r 1 6 1
r 13 2 3
r 13 1 2
r 5 1 1
r 13 1 4
r 15 0 1
w 5 0 3 0 0 0
r 0 1 1
r 1 5 1
f 2
r 3 0 1
r 13 4 0
r 21 4 0
r 6 14 62
r 9 5 0
r 21 1 3
a 5
w 22 0 2 0 0
r 18 1 0
r 9 2 2
r 13 2 2
w 1 6 1 114
w 15 0 1 148
w 7 0 4 52 64 220 109
r 22 1 0
r 8 0 1
r 6 13 39
r 3 0 1
r 0 0 2
r 13 6 1
r 15 0 2
r 7 1 3
r 6 42 18
r 8 0 1
r 6 8 10
r 11 25 6
w 22 1 1 0
w 6 17 50 28 116 126 114 23 74 227 14 227 140 165 156 165 124 165 87 8 2 39 102 216 48 251 107 171 66 23 234 41 139 130 146 23 89 170 47 246 153 169 126 185 25 239 125 173 160 207 121 1 111
r 22 1 1
w 13 0 4 52 169 40 154
f 21
r 0 2 0
r 19 0 2
r 6 19 38
r 15 1 0
f 6
w 8 0 1 72
r 1 2 0
r 1 2 3
r 7 4 0
r 16 0 1
r 16 0 1
r 11 30 2
r 22 0 2
r 11 12 33
r 22 0 1
r 7 1 2
a 9
w 23 0 6 27 231 164 183 244 133
r 13 4 0
a 57
w 24 0 43 64 159 93 33 134 49 161 120 17 114 159 190 53 222 233 82 132 42 135 179 153 97 152 192 107 178 238 199 111 219 165 119 207 102 86 142 139 251 126 226 161 189 165
w 0 0 3 103 177 142
r 20 0 1
a 18
w 25 0 13 139 18 255 228 93 111 225 129 63 116 83 61 143
w 20 0 1 0
w 0 0 3 234 217 160
w 23 0 3 216 62 148
w 16 0 1 10
r 1 2 0
r 13 5 2
a 31
w 26 0 25 128 249 38 148 161 12 152 170 238 211 49 160 130 3 66 183 10 72 216 235 41 238 103 121 237
r 15 0 2
r 23 0 3
r 24 1 12
r 24 20 12
r 25 11 2
r 5 0 4
r 18 0 1
r 24 9 24
r 18 1 0
r 15 1 0
r 7 1 1
r 5 0 1
r 0 1 1
r 16 0 1
f 23
r 19 0 1
r 11 2 24
r 20 0 1
r 19 0 1
r 26 11 7
r 1 3 0
r 3 0 1
r 22 1 1
r 19 0 1
r 1 1 5
f 8
r 13 1 0
r 9 5 0
r 24 0 42
f 26
r 15 0 1
r 19 1 1
r 15 1 0
a 12
w 27 1 8 185 80 91 5 196 222 196 206
r 7 2 3
a 2
w 28 0 1 40
w 22 0 1 0
w 20 0 1 0
w 28 0 1 182
w 15 0 2 4 33
a 4
w 29 0 1 161
r 1 4 1
a 7
w 30 0 5 39 217 91 153 98
f 25
w 19 0 1 226
a 5
w 31 0 3 165 189 255
r 30 0 3
r 29 0 1
r 13 4 1
a 19
w 32 0 12 89 42 191 35 75 36 128 25 124 96 75 32
w 19 1 1 232
r 13 0 3
r 28 0 1
r 31 0 2
r 29 0 1
r 20 0 1
r 32 1 5
r 24 12 8
r 13 4 1
r 30 3 2
r 13 1 1
r 13 1 5
r 5 0 2
r 22 0 2
a 13
w 33 0 9 72 119 30 36 158 100 224 52 103
r 13 1 1
r 28 0 1
r 27 6 1
r 20 0 1
r 16 0 1
r 32 2 6
r 11 12 8
r 0 2 0
r 27 5 1
r 1 0 1
r 1 1 6
r 16 0 1
w 0 0 3 125 179 77
w 16 0 1 220
w 7 1 3 33 117 13
w 20 0 1 0
w 5 3 1 0
w 15 0 2 67 146
w 29 0 1 205
w 7 3 2 10 243
w 31 1 2 18 255
r 19 1 0
r 24 26 13
w 28 0 1 178
w 29 0 1 151
w 22 0 2 0 0
w 27 6 2 187 153
w 31 0 3 111 50 255
w 19 1 1 175
r 28 0 1
f 24
r 16 0 1
r 28 0 1
r 32 4 3
r 19 1 0
f 16
f 19
w 29 0 1 255
r 32 3 1
a 3
w 34 0 1 36
r 13 0 1
a 19
w 35 0 13 48 90 31 253 168 110 104 69 194 22 28 47 212
w 18 0 1 79
w 28 0 1 62
a 4
w 36 0 1 65
r 34 0 1
a 34
w 37 0 22 246 207 133 226 248 245 202 22 161 161 119 21 86 103 199 247 82 113 111 24 134 239
w 15 0 1 89
w 11 0 26 104 247 206 158 151 41 104 80 43 208 62 181 185 191 1 67 64 148 66 150 106 157 157 157 39 147
f 1
w 18 0 2 16 242
a 1
w 38 0 1 23
w 33 0 8 91 226 210 6 253 11 53 143
r 15 0 2
r 32 2 6
r 28 0 1
r 15 1 1
f 7
a 4
w 39 0 2 92 61
r 38 0 1
r 39 1 0
r 20 0 1
r 28 0 1
r 9 5 1
r 33 4 0
r 22 1 0
r 22 1 0
r 32 7 0
a 6
w 40 0 4 126 142 164 56
w 27 0 8 205 182 115 114 205 10 26 48
w 33 1 7 63 92 116 143 21 191 107
r 13 1 5
r 5 2 1
r 11 27 10
r 38 0 1
r 37 15 7
r 28 0 1
r 30 3 2
r 27 6 3
r 0 1 1
r 29 0 1
r 9 3 2
r 3 0 1
r 11 16 28
r 11 9 9
r 33 6 3
r 39 1 0
r 28 0 1
a 3
w 41 0 1 0
w 27 5 2 24 78
r 39 1 0
r 30 4 0
r 37 0 6
r 38 0 1
r 33 2 6
r 13 0 6
r 9 4 1
r 41 0 1
a 7
w 42 0 4 75 95 208 18
w 39 0 2 209 173
w 42 1 2 201 195
r 5 0 1
r 11 26 0
r 37 9 8
r 30 2 1
r 36 0 1
r 40 1 1
r 31 2 1
f 34
w 42 0 3 20 120 73
r 11 22 19
r 28 0 1
r 20 0 1
f 39
r 33 0 7
a 3
w 43 0 1 129
r 3 0 1
r 38 0 1
r 30 2 2
r 18 1 1
r 32 6 4
r 36 0 1
r 28 0 1
r 30 0 1
r 13 6 0
r 35 8 2
r 29 0 1
r 20 0 1
r 3 0 1
r 41 0 1
r 31 0 1
a 4
w 44 0 1 54
f 32
w 13 1 5 82 23 207 254 232
w 5 0 1 0
w 27 0 9 199 148 9 46 213 89 83 127 169
w 42 0 2 248 99
w 5 1 1 0
a 19
w 45 1 12 197 57 18 72 1 253 135 68 165 221 20 51
w 3 0 1 0
w 45 6 1 195
r 9 1 4
r 42 1 3
w 11 21 30 63 191 104 189 85 224 25 18 117 130 200 13 136 41 253 253 30 7 227 117 45 154 96 153 172 244 246 243 122 191
w 20 0 1 0
w 31 2 1 255
r 3 0 1
r 43 0 1
r 36 0 1
r 40 2 1
r 11 2 43
r 40 1 1
r 42 2 2
r 28 0 1
r 33 0 7
r 22 1 1
r 18 0 2
w 30 0 4 170 121 169 2
w 40 1 2 64 217
r 5 0 4
r 36 0 1
w 18 0 1 72
w 27 1 7 32 159 21 126 98 5 15
w 15 0 1 150
w 20 0 1 0
w 45 9 1 190
w 38 0 1 192
w 28 0 1 76
r 42 1 1
r 13 1 6
r 36 0 1
r 13 5 1
w 31 0 3 131 229 255
r 31 1 1
f 40
w 43 0 1 218
w 35 0 6 40 56 16 39 231 33
w 28 0 1 47
w 41 0 1 0
r 44 0 1
a 6
w 46 0 3 130 231 123
w 18 0 1 113
r 43 0 1
r 9 1 1
r 9 3 1
f 31
r 45 2 8
a 5
w 47 0 2 50 82
r 11 38 5
r 47 1 0
r 5 0 1
r 11 8 13
r 5 1 2
r 18 1 0
w 41 0 1 0
w 38 0 1 159
w 35 1 4 30 1 5 15
w 46 0 2 110 193
r 0 1 1
r 36 0 1
r 33 3 3
r 36 0 1
r 43 0 1
r 30 2 1
r 22 1 1
w 42 0 4 125 10 91 127
r 29 0 1
r 38 0 1
r 45 6 4
r 22 0 1
w 41 0 1 0
r 33 4 0
r 0 1 0
r 42 1 2
r 11 35 7
r 42 1 0
r 33 1 6
r 37 5 4
f 20
w 11 2 49 175 210 143 112 21 130 160 213 222 63 33 239 133 130 51 158 0 182 41 199 90 91 112 52 153 128 147 42 108 109 228 60 195 131 220 17 193 239 40 188 207 128 208 197 111 210 6 155 207
w 41 0 1 0
w 46 0 3 15 150 90
w 30 1 4 54 166 188 63
r 35 8 3
a 2
w 48 0 1 0
w 35 1 10 216 107 150 2 112 84 144 83 215 179
r 27 1 3
r 48 0 1
w 11 9 33 203 228 222 169 184 79 169 244 232 155 66 120 31 219 26 250 174 66 20 8 234 82 61 91 24 213 73 231 75 10 37 175 109
r 0 0 2
w 36 0 1 151
w 35 1 10 218 25 199 73 208 244 230 231 7 200
w 28 0 1 117
w 36 0 1 197
r 35 12 0
r 11 6 43
r 42 3 1
r 33 2 1
r 46 1 1
f 46
a 4
w 49 0 1 73
w 38 0 1 228
r 15 1 0
r 13 0 5
w 3 0 1 0
w 47 1 1 99
w 33 3 3 157 1 111
w 48 0 1 0
r 11 2 41
r 5 0 1
r 30 2 1
f 15
f 45
w 27 3 1 38
w 43 0 1 177
r 22 0 1
a 4
w 50 0 2 73 166
w 33 0 9 141 252 0 71 63 173 48 209 47
r 41 0 1
r 5 1 2
r 28 0 1
r 43 0 1
r 43 0 1
r 18 1 0
a 2
w 51 0 1 246
f 50
r 51 0 1
r 33 4 2
r 27 3 3
a 12
w 52 0 9 142 4 5 221 166 111 43 185 253
r 47 0 1
r 48 0 1
r 51 0 1
r 18 0 1
a 4
w 53 0 2 113 152
w 9 4 1 246
w 53 0 1 11
r 51 0 1
a 1
w 54 0 1 96
w 49 0 1 207
a 6
w 55 0 3 140 250 41
w 29 0 1 5
w 38 0 1 144
w 27 3 1 229
w 44 0 1 227
r 29 0 1
r 35 1 10
r 27 2 5
r 9 2 5
r 29 0 1
f 43
w 48 0 1 0
r 33 5 2
r 37 15 7
r 51 0 1
r 0 0 1
r 48 0 1
r 41 0 1
r 5 2 1
f 0
f 38
f 49
f 51
f 41
f 22
f 3
f 48
f 5
f 47
f 52
f 54
f 55
f 33
f 27
f 44
f 37
f 35
f 42
f 29
f 9
f 11
f 18
f 36
f 13
f 28
f 30
f 53

