378 120 906
22 100 0 0
23 192 0 0
24 108 0 0
25 58 0 0
26 26 0 0
27 148 0 0
28 224 0 255
29 149 0 0
30 80 0 0
31 225 0 0
32 46 0 0
33 102 0 0
34 177 0 0
35 213 0 0
36 114 0 0
37 69 0 0
38 105 0 0
39 155 0 0
40 190 0 0
41 222 0 0
42 180 0 0
43 132 0 0
44 237 0 0
48 0 0 255
73 0 0 255
79 0 0 255
81 0 0 255
91 0 0 255
92 0 0 255
111 0 0 255
124 0 20 0
125 0 236 0
126 0 248 0
127 0 17 0
128 0 176 0
129 0 253 0
130 0 172 0
131 0 84 0
132 0 160 0
133 0 44 0
134 0 222 0
135 0 7 0
136 0 86 0
137 0 15 0
138 0 54 255
139 0 102 0
140 0 242 255
141 0 33 0
142 0 45 0
143 0 73 0
144 0 252 0
145 0 38 0
146 0 190 0
147 0 30 0
148 0 234 0
149 0 232 0
150 0 45 0
151 0 137 0
152 0 211 0
153 0 218 0
154 0 82 0
155 0 36 0
156 0 241 0
157 0 197 0
158 0 184 0
159 0 125 0
160 0 69 0
161 0 224 0
162 0 246 0
163 0 33 255
164 0 134 0
165 0 70 0
166 0 179 0
167 0 237 0
168 0 8 0
169 0 156 0
170 0 124 255
171 0 17 0
172 0 98 0
173 0 67 0
174 0 113 0
175 0 216 0
176 0 137 0
177 0 95 0
178 0 209 255
179 0 23 0
180 0 128 0
181 0 28 0
182 0 218 0
183 0 185 0
184 0 110 0
185 0 242 0
186 0 224 0
187 0 244 0
188 0 224 0
189 0 217 0
190 0 235 255
191 0 155 0
192 0 152 0
193 0 69 0
194 0 154 0
195 0 58 0
196 0 103 0
197 0 69 0
198 0 77 0
199 0 0 255
203 0 0 255
216 0 0 255
224 0 0 255
239 0 0 255
246 0 0 255
248 0 0 255
259 0 0 255
271 0 0 255
296 0 0 255
300 0 0 255
302 0 0 255
320 0 0 255
342 0 0 255
349 0 0 255
a 19
w 0 0 13 70 128 149 251 134 3 70 65 185 118 20 169 95
a 7
w 1 0 4 119 162 106 139
a 3
w 2 0 1 33
a 35
w 3 0 25 96 137 2 208 8 2 42 4 160 0 0 1 32 3 121 16 215 76 40 74 186 206 150 72 76
a 6
w 4 0 3 155 142 129
a 9
w 5 0 5 20 243 57 185 78
a 4
w 6 0 2 27 93
a 3
w 7 0 1 75
a 7
w 8 0 4 183 46 209 60
a 2
w 9 0 1 108
a 1
w 10 0 1 183
a 1
w 11 0 1 173
a 5
w 12 0 2 75 237
a 23
w 13 0 14 50 214 211 113 73 149 190 8 194 144 38 111 188 81
a 5
w 14 0 3 252 254 241
a 3
w 15 0 1 237
a 7
w 16 0 3 125 255 255
a 6
w 17 0 3 251 187 47
a 5
w 18 0 3 191 94 251
a 5
w 19 0 2 221 219
a 15
w 20 0 10 247 207 250 255 69 251 246 121 166 214
a 2
w 21 0 1 181
a 2
w 22 0 1 91
a 149
w 23 5 113 185 222 251 249 127 255 225 244 226 255 255 191 223 101 255 250 231 197 207 225 8 5 29 147 31 57 244 251 174 166 2 21 88 107 186 245 34 0 75 43 18 64 38 54 249 144 214 49 86 175 84 231 137 189 64 246 130 226 179 205 125 235 98 155 101 86 183 213 68 70 90 29 27 217 136 231 8 255 192 132 4 144 114 123 128 158 50 81 138 127 123 41 207 210 232 64 171 102 92 126 127 202 246 8 73 112 166 159 48 6 56 143 62
a 3
w 24 0 1 192
a 6
w 25 0 3 92 16 222
a 2
w 26 0 1 68
a 4
w 27 0 2 142 211
a 9
w 28 0 5 173 135 15 247 255
a 2
w 29 0 1 73
f 9
r 27 1 1
a 2
w 30 0 1 246
w 24 0 1 18
w 11 0 1 26
w 30 0 1 88
r 12 0 1
r 16 0 3
w 10 0 1 16
w 19 1 1 223
w 19 0 2 155 219
w 1 2 1 134
r 30 0 1
w 11 0 1 181
w 8 2 2 113 139
r 29 0 1
r 28 1 2
r 11 0 1
r 20 5 2
r 4 1 1
r 16 0 1
f 23
r 21 0 1
r 17 1 1
r 17 1 0
r 6 1 0
r 22 0 1
r 4 1 0
r 4 2 0
r 13 1 1
r 28 2 1
a 64
w 31 0 41 223 187 127 253 23 171 157 250 189 126 254 238 255 252 253 255 159 222 87 159 127 127 199 207 255 52 47 217 123 160 128 150 7 251 80 117 170 76 43 169 213
w 20 4 7 199 233 247 237 198 70 179
r 18 1 2
r 12 1 0
a 27
w 32 2 17 207 250 151 141 77 98 176 7 157 18 50 245 120 119 172 219 181
w 24 0 1 239
r 21 0 1
r 19 1 1
r 26 0 1
r 12 0 2
r 15 0 1
r 4 1 1
r 18 1 1
r 32 4 1
f 2
w 16 0 3 174 255 111
w 17 1 1 107
w 6 0 1 10
w 25 2 1 145
w 4 1 2 86 206
w 15 0 1 175
w 32 3 17 105 80 7 173 73 149 188 107 181 69 176 216 108 196 158 72 237
w 28 2 1 175
r 18 0 3
a 3
w 33 0 1 128
r 18 1 0
r 7 0 1
r 3 18 1
r 28 3 0
r 3 16 0
a 43
w 34 0 33 91 133 121 133 10 186 155 76 224 137 60 115 165 126 218 109 104 156 91 138 27 246 86 236 18 110 213 195 138 196 183 59 214
w 1 2 1 217
a 15
w 35 0 11 19 216 236 9 211 230 143 244 197 76 25
w 27 0 2 88 198
w 21 0 1 177
w 0 2 4 189 249 109 19
w 13 0 13 222 57 196 223 213 44 24 42 153 111 51 189 129
w 15 0 1 239
w 31 4 24 55 138 252 218 255 255 242 228 252 232 217 239 159 155 213 222 187 255 87 127 236 32 120 63
w 1 3 1 128
w 7 0 1 184
w 31 16 25 187 251 239 159 127 247 239 221 110 222 17 207 80 137 254 73 42 26 51 229 114 166 206 88 60
r 4 1 0
r 6 0 0
r 4 1 0
r 15 0 1
r 11 0 1
r 7 0 1
r 1 0 2
r 24 0 1
r 29 0 1
r 14 1 1
r 12 1 1
r 17 0 0
r 12 0 1
r 21 0 1
w 4 1 1 53
w 12 1 1 28
w 16 0 1 110
r 26 0 1
r 21 0 1
r 24 0 1
r 3 13 0
r 33 0 1
r 21 0 1
r 22 0 1
r 28 1 0
r 15 0 1
r 5 1 2
f 12
w 20 7 3 105 198 206
a 5
w 36 0 2 183 207
r 20 3 4
r 1 1 2
r 14 1 1
r 35 6 1
r 19 1 0
r 13 6 3
r 35 3 1
r 13 6 3
r 5 3 0
r 6 0 0
r 7 0 1
w 32 1 17 151 239 56 253 111 130 100 191 27 231 164 183 244 133 236 73 221
w 35 1 8 209 59 218 35 148 159 93 24
r 20 5 2
r 15 0 1
r 25 1 2
r 31 11 4
r 31 6 9
r 15 0 1
r 29 0 1
r 30 0 1
r 18 0 1
r 32 8 12
r 15 0 1
r 33 0 1
w 15 0 1 175
w 7 0 1 18
w 1 0 3 234 217 160
w 27 0 1 216
w 19 1 1 251
w 1 0 3 15 88 89
w 34 24 6 113 71 218 29 224 116
w 27 0 2 33 128
r 19 1 0
f 6
r 0 0 10
f 5
r 16 1 1
f 13
w 36 0 2 209 15
r 15 0 1
r 16 1 2
r 11 0 1
a 5
w 37 0 3 45 194 100
w 1 1 3 116 166 2
r 1 0 1
a 6
w 38 0 4 104 41 138 253
w 10 0 1 36
r 0 4 5
r 20 0 7
a 12
w 39 1 8 44 205 92 170 22 164 179 186
r 1 0 1
r 28 1 2
r 15 0 1
r 35 0 0
r 16 0 2
a 12
w 40 0 8 11 203 245 151 11 169 191 25
r 28 3 0
r 16 1 2
f 19
w 36 0 2 155 120
r 0 8 1
a 5
w 41 0 3 249 211 255
w 41 2 1 255
w 35 3 7 230 61 93 14 197 162 237
r 31 0 3
f 32
r 15 0 1
a 1
w 42 0 1 248
w 42 0 1 157
w 42 0 1 15
r 3 9 10
f 40
a 8
w 43 0 4 32 6 68 161
r 3 13 5
a 7
w 44 0 4 91 153 98 228
a 12
w 45 0 7 219 44 85 222 2 160 7
w 37 1 2 111 165
r 43 0 1
r 3 10 2
r 37 1 1
a 8
w 46 0 4 67 15 56 102
w 46 0 3 75 36 128
w 15 0 1 172
w 44 2 2 232 203
a 4
w 47 0 2 66 211
w 25 0 2 145 98
w 15 0 1 175
r 47 1 1
r 45 1 2
r 18 1 1
r 18 0 2
r 16 0 2
r 46 3 0
r 45 1 1
r 43 2 1
r 39 5 3
r 29 0 1
r 26 0 1
r 4 1 0
r 39 3 1
r 43 0 1
r 26 0 1
r 39 6 1
r 7 0 1
r 21 0 1
r 11 0 1
r 31 10 5
r 1 3 0
r 38 2 1
r 33 0 1
r 3 7 12
r 22 0 1
w 0 0 11 125 179 77 26 173 190 52 220 90 133 132
w 42 0 1 205
r 15 0 1
r 8 2 1
f 38
w 18 1 1 223
w 44 1 2 88 254
w 28 1 1 182
r 46 3 1
r 28 2 1
r 20 1 6
a 6
w 48 0 3 117 151 13
w 26 0 1 191
w 14 2 1 187
w 0 8 4 220 111 50 138
w 44 2 1 175
r 25 1 0
f 14
r 21 0 1
r 24 0 1
r 11 0 1
r 45 2 1
f 22
f 45
w 18 0 1 255
r 36 0 1
a 2
w 49 0 1 103
r 24 0 1
a 12
w 50 0 8 17 96 48 90 31 253 168 110
w 30 0 1 28
w 43 2 2 137 95
w 42 0 1 146
w 26 0 1 110
w 0 3 1 65
r 49 0 1
a 4
w 51 0 2 254 223
w 25 0 3 202 22 161
r 3 1 18
r 3 1 4
r 46 2 0
r 39 5 1
r 39 7 1
r 35 2 5
r 30 0 1
r 46 2 0
r 15 0 1
f 25
r 39 2 2
r 3 19 0
a 5
w 52 0 3 3 107 35
w 50 3 3 232 56 100
w 51 1 1 179
a 1
w 53 0 1 56
a 1
w 54 0 1 237
r 15 0 1
r 33 0 1
r 51 1 0
r 8 0 4
r 52 0 3
r 49 0 1
r 39 4 0
r 42 0 1
r 42 0 1
r 37 1 1
r 53 0 1
r 18 1 1
r 54 0 1
r 30 0 1
r 51 1 1
r 54 0 1
r 26 0 1
r 48 0 3
r 4 1 1
f 0
r 48 0 3
r 42 0 1
r 21 0 1
r 48 0 2
a 9
w 55 1 4 109 168 226 143
r 17 2 0
r 47 0 0
r 11 0 1
a 10
w 56 0 6 175 27 4 124 151 235
r 31 7 8
r 52 1 1
r 10 0 1
r 33 0 1
r 48 1 0
r 50 6 2
r 44 1 1
w 34 14 19 204 122 221 68 91 11 39 43 167 63 43 202 138 59 35 16 184 143 7
r 8 3 1
r 37 1 1
r 1 1 0
r 46 1 0
r 28 1 2
r 53 0 1
r 15 0 1
w 28 2 1 160
r 43 1 1
r 33 0 1
r 10 0 1
f 31
w 20 0 8 245 253 249 255 103 254 255 165
w 47 1 1 47
w 41 1 2 211 254
w 44 3 1 242
w 35 2 6 254 20 8 65 214 119
w 47 0 2 175 129
r 46 2 0
r 1 1 1
r 27 1 0
r 50 5 0
r 36 1 1
r 24 0 1
r 52 1 1
r 28 0 1
r 52 2 1
r 17 2 0
r 21 0 1
r 8 2 1
r 7 0 1
r 4 2 1
r 36 0 1
a 11
w 57 0 6 248 223 95 219 223 183
w 11 0 1 254
r 30 0 1
r 29 0 1
r 43 1 1
r 41 2 0
r 30 0 1
a 29
w 58 0 18 18 72 1 253 135 68 165 221 20 51 106 53 45 12 104 131 93 20
w 34 3 29 169 145 248 63 102 130 155 244 99 96 41 240 132 142 189 146 236 63 191 104 189 85 224 25 18 117 130 200 13
w 42 0 1 30
w 52 0 1 154
w 20 4 8 247 243 254 191 231 70 247 239
r 36 0 1
r 47 0 0
a 16
w 59 0 10 222 127 127 237 221 216 151 0 189 19
r 4 1 1
r 49 0 1
r 3 4 2
r 16 2 0
r 11 0 1
r 56 3 1
r 35 1 1
r 20 2 3
r 11 0 1
a 1
w 60 0 1 242
f 7
r 1 0 3
r 15 0 1
r 17 0 0
a 1
w 61 0 1 245
w 3 6 18 34 137 136 2 0 64 0 64 58 2 229 49 76 197 88 152 114 36
w 58 5 16 235 8 69 24 4 209 141 193 149 7 21 220 101 147 220 109
r 47 0 0
f 29
w 36 1 1 96
w 43 0 4 31 181 18 45
r 20 1 6
r 46 0 1
r 54 0 1
r 42 0 1
r 59 6 3
a 3
w 62 0 1 87
r 30 0 1
r 4 1 0
r 28 2 1
f 60
f 37
r 48 1 1
a 5
w 63 0 2 50 82
r 34 25 3
r 63 1 0
r 11 0 1
r 35 2 2
r 36 0 2
r 50 1 2
a 1
w 64 0 1 237
w 48 1 1 2
w 36 0 1 1
w 1 0 1 145
w 51 0 2 252 25
f 53
w 44 0 4 141 92 30 105
w 34 5 26 23 212 87 129 236 200 102 180 185 247 84 188 43 245 110 19 175 161 130 43 132 171 190 117 225 47
w 49 0 1 127
w 39 3 4 159 164 180 185
r 57 2 0
r 51 1 1
r 8 0 4
r 51 0 2
f 49
r 51 0 1
r 55 2 0
r 55 2 1
r 62 0 1
r 28 1 2
r 30 0 1
r 50 2 1
r 27 1 0
r 33 0 1
r 4 1 2
r 55 4 0
r 15 0 1
r 51 0 1
r 24 0 1
r 44 3 0
a 2
w 65 0 1 223
r 3 1 10
r 11 0 1
r 58 9 5
w 26 0 1 189
w 57 3 2 219 159
r 43 0 3
r 20 3 4
r 16 0 2
r 30 0 1
a 6
w 66 0 3 228 223 235
r 61 0 1
r 4 1 1
r 33 0 1
r 3 18 1
r 42 0 1
r 57 1 1
r 42 0 1
r 20 10 1
r 11 0 1
r 50 4 1
r 4 1 1
r 11 0 1
r 33 0 1
r 48 0 1
r 3 14 5
r 16 2 0
r 24 0 1
r 44 0 1
r 4 0 3
r 28 3 0
a 1
w 67 0 1 172
w 4 2 1 252
w 4 0 1 20
w 62 0 1 198
w 39 1 4 133 157 1 111
w 10 0 1 130
r 35 1 6
r 11 0 1
r 26 0 1
f 48
w 15 0 1 174
w 59 1 6 187 247 125 127 48 80
w 61 0 1 254
w 58 17 2 73 166
w 54 0 1 237
r 10 0 1
r 26 0 1
r 18 1 1
r 52 1 1
r 58 13 1
r 59 1 1
r 44 1 1
a 2
w 68 0 1 246
f 68
r 42 0 1
r 51 1 1
r 16 1 1
a 2
w 69 0 1 15
r 55 3 1
r 58 15 0
r 42 0 1
r 20 2 5
r 33 0 1
r 16 2 0
r 16 0 2
r 56 1 2
r 69 0 1
r 4 0 3
a 1
w 70 0 1 96
w 3 3 19 193 145 76 40 12 136 6 4 0 0 74 41 0 172 194 54 5 63 15
r 20 1 6
a 5
w 71 0 2 158 173
w 30 0 1 76
w 64 0 1 246
w 17 1 2 239 255
w 66 0 3 239 223 235
r 24 0 1
r 46 0 2
w 65 0 1 87
w 20 2 10 189 125 215 252 255 185 175 78 251 237
r 1 1 1
r 41 0 1
r 63 0 1
r 18 1 1
r 27 0 1
r 10 0 1
w 70 0 1 0
w 1 0 4 220 103 247 131
r 70 0 1
r 65 0 1
r 4 1 2
r 1 1 1
r 59 6 1
r 28 1 1
w 21 0 1 53
w 57 4 1 215
w 10 0 1 159
w 69 0 1 199
w 33 0 1 32
r 70 0 1
w 27 1 1 12
r 3 18 1
r 59 0 5
r 20 3 4
r 34 5 0
r 55 1 1
r 34 0 5
r 57 1 1
r 35 2 5
r 67 0 1
r 62 0 1
r 70 0 1
r 15 0 1
r 57 5 1
r 55 1 4
w 54 0 1 252
w 42 0 1 119
w 8 1 2 28 195
w 43 0 3 15 230 219
w 16 2 1 55
r 35 0 0
r 59 1 3
r 4 1 1
r 69 0 1
r 3 1 16
r 20 3 1
r 54 0 1
r 66 1 1
r 28 4 1
r 42 0 1
r 36 0 2
r 64 0 1
r 52 1 2
r 15 0 1
r 33 0 1
r 47 0 0
w 20 1 3 205 252 255
w 42 0 1 154
r 46 1 1
r 70 0 1
r 70 0 1
r 33 0 1
r 46 2 0
w 41 0 3 201 247 250
r 10 0 1
r 69 0 1
r 62 0 1
r 47 0 0
r 64 0 1
r 10 0 1
r 64 0 1
r 58 2 3
r 17 1 1
r 56 1 3
r 54 0 1
r 3 5 14
r 28 0 3
r 21 0 1
r 61 0 1
r 58 6 0
r 63 1 0
r 8 2 0
r 42 0 1
r 42 0 1
r 58 7 7
f 67
r 65 0 1
a 1
w 72 0 1 165
w 42 0 1 24
r 46 1 1
r 59 6 1
w 72 0 1 173
r 8 1 2
r 71 1 1
r 55 2 2
r 28 3 0
r 1 2 2
r 24 0 1
r 1 3 1
w 57 0 4 217 169 223 247
r 55 3 0
r 28 1 2
w 50 0 9 193 11 13 187 27 94 159 193 188
w 72 0 1 209
r 59 3 2
r 54 0 1
r 50 2 1
r 28 2 1
r 57 0 3
r 65 0 1
r 46 0 2
r 50 5 0
r 56 3 2
r 18 0 3
r 44 3 0
r 4 1 2
w 69 0 1 180
r 41 1 0
r 58 1 5
r 47 1 0
w 16 1 1 255
r 63 1 1
r 55 1 2
r 66 0 2
r 66 1 1
r 62 0 1
r 27 0 1
w 4 1 1 124
w 11 0 1 226
w 66 0 3 234 219 235
r 61 0 1
r 63 0 2
r 59 5 0
r 43 1 3
r 16 0 2
r 69 0 1
r 11 0 1
f 1
r 61 0 1
r 69 0 1
r 46 0 2
a 7
w 73 0 4 170 233 69 131
r 71 0 2
f 36
a 5
w 74 0 3 81 78 95
w 46 0 4 169 31 115 161
r 65 0 1
r 21 0 1
r 61 0 1
f 70
w 28 1 1 190
w 63 0 1 248
w 44 0 4 72 110 106 106
r 8 1 3
a 1
w 75 0 1 136
r 66 1 1
r 10 0 1
r 8 2 2
r 20 5 2
r 16 0 3
r 16 1 1
r 44 3 1
r 73 1 0
r 30 0 1
r 51 0 2
r 54 0 1
r 58 1 5
r 26 0 1
r 35 1 3
r 56 1 4
f 10
w 50 3 6 156 51 53 8 187 58
w 8 0 4 164 210 61 5
r 74 0 2
r 55 1 1
r 52 1 1
r 26 0 1
r 47 0 0
r 72 0 1
r 4 1 2
r 15 0 1
r 69 0 1
r 54 0 1
f 64
r 54 0 1
a 1
w 76 0 1 249
w 72 0 1 207
w 39 4 4 233 22 231 147
r 3 22 1
a 1
w 77 0 1 133
r 63 1 0
r 28 1 1
r 47 0 0
r 4 1 1
r 55 3 0
r 62 0 1
r 39 4 0
r 50 0 3
w 57 2 2 223 221
w 56 4 2 159 36
r 39 5 2
r 34 24 8
w 71 1 1 11
w 24 0 1 22
w 46 0 3 180 206 109
r 3 6 4
r 41 2 0
r 41 2 0
r 74 2 1
r 16 1 1
r 20 7 0
r 57 2 1
r 8 2 2
w 26 0 1 150
w 39 5 1 71
w 18 2 1 235
w 33 0 1 128
w 18 0 2 190 127
r 74 0 2
r 42 0 1
f 3
w 34 6 11 125 40 158 166 70 172 207 66 114 172 229
a 18
w 78 0 11 233 24 115 134 25 96 118 249 105 21 216
r 17 1 0
r 28 1 1
r 39 2 2
r 75 0 1
r 15 0 1
r 69 0 1
r 78 8 0
a 17
w 79 0 12 2 172 30 128 153 14 2 141 184 6 100 64
r 42 0 1
r 30 0 1
r 41 2 1
r 47 0 0
r 44 0 2
r 50 3 0
r 47 0 0
r 4 2 0
r 39 6 0
r 30 0 1
r 42 0 1
f 55
f 56
f 73
f 33
f 79
f 78
f 4
f 42
f 46
f 47
f 62
f 8
f 30
f 77
f 11
f 74
f 63
f 39
f 75
f 71
f 54
f 51
f 15
f 16
f 17
f 18
f 41
f 20
f 21
f 65
f 57
f 76
f 61
f 66
f 59
f 58
f 35
f 34
f 50
f 44
f 43
f 24
f 72
f 52
f 26
f 27
f 28
f 69

