100
2
2 1
3
1 3 2
4
2 1 4 3
4
1 2 3 4
4
1 2 4 3
4
1 3 2 4
4
1 3 4 2
4
1 4 2 3
4
1 4 3 2
4
2 1 3 4
4
2 1 4 3
4
2 3 1 4
4
2 3 4 1
4
2 4 1 3
4
2 4 3 1
4
3 1 2 4
4
3 1 4 2
4
3 2 1 4
4
3 2 4 1
4
3 4 1 2
4
3 4 2 1
4
4 1 2 3
4
4 1 3 2
4
4 2 1 3
4
4 2 3 1
4
4 3 1 2
4
4 3 2 1
10
1 4 9 3 5 7 2 6 10 8
7
1 2 3 4 5 6 7
9
9 8 2 4 1 6 3 5 7
9
1 2 3 4 5 6 7 8 9
2
2 1
3
2 3 1
10
4 9 5 1 3 10 8 7 2 6
2
2 1
7
1 2 3 4 7 6 5
6
1 2 3 4 5 6
8
1 2 5 4 7 6 3 8
10
10 3 8 4 5 9 7 1 2 6
10
1 2 3 4 5 6 7 8 9 10
10
1 2 3 4 5 6 7 8 9 10
5
3 4 1 5 2
2
2 1
3
3 1 2
1
1
1
1
2
1 2
10
5 2 3 4 1 6 7 8 9 10
9
4 5 7 3 8 9 6 1 2
2
2 1
6
2 1 3 4 5 6
3
1 2 3
4
1 4 2 3
9
1 5 2 4 9 6 8 7 3
6
4 6 2 1 5 3
10
6 8 4 5 10 7 3 9 2 1
3
3 2 1
10
1 2 3 4 5 6 7 8 9 10
8
1 2 6 4 5 8 7 3
4
3 1 4 2
10
1 2 3 4 5 6 8 7 9 10
9
1 8 2 9 6 7 4 5 3
8
7 5 6 8 2 3 1 4
3
2 3 1
4
1 2 3 4
3
2 3 1
8
3 1 2 6 7 8 5 4
7
7 2 1 4 5 6 3
8
7 6 5 4 2 1 8 3
10
3 4 5 10 8 1 9 2 6 7
9
3 6 9 2 1 5 7 8 4
3
2 3 1
10
3 4 10 8 2 7 6 9 5 1
8
8 7 5 6 3 4 2 1
4
2 4 3 1
3
3 1 2
7
7 2 3 4 5 1 6
4
4 2 3 1
9
9 3 1 4 5 6 7 8 2
8
2 1 3 4 5 6 7 8
5
5 2 4 3 1
10
6 4 5 2 10 7 9 3 8 1
2
2 1
5
1 2 4 3 5
6
4 2 3 1 5 6
7
2 3 5 1 6 7 4
10
10 2 1 4 3 9 7 8 5 6
9
4 3 7 8 6 2 5 9 1
3
3 2 1
8
2 6 4 8 7 3 1 5
8
1 2 3 4 5 6 7 8
10
9 3 2 10 6 5 8 7 1 4
9
1 6 9 4 5 3 7 8 2
3
3 1 2
5
1 4 2 3 5
3
3 1 2
6
1 2 3 5 4 6
5
1 2 3 4 5
2
2 1
5
2 4 3 1 5
