99
2
2 1
3
1 3 2
4
2 1 4 3
4
1 2 3 4
4
1 2 4 3
4
1 3 2 4
4
1 3 4 2
4
1 4 2 3
4
1 4 3 2
4
2 1 3 4
4
2 1 4 3
4
2 3 1 4
4
2 3 4 1
4
2 4 1 3
4
2 4 3 1
4
3 1 2 4
4
3 1 4 2
4
3 2 1 4
4
3 2 4 1
4
3 4 1 2
4
3 4 2 1
4
4 1 2 3
4
4 1 3 2
4
4 2 1 3
4
4 2 3 1
4
4 3 1 2
4
4 3 2 1
998
824 285 411 789 371 568 364 622 639 281 200 385 89 637 755 427 77 785 775 598 529 964 691 894 674 925 771 587 300 920 621 739 267 429 783 404 216 912 827 580 451 821 355 218 884 449 583 662 524 795 56 685 890 744 738 51 507 178 477 493 92 125 504 149 263 183 683 862 689 930 132 194 511 978 405 823 17 265 447 979 159 501 663 145 590 160 243 186 13 983 980 61 324 115 221 450 830 496 687 876 576 732 506 856 947 168 111 314 245 124 107 114 764 112 94 342 883 553 872 997 476 612 714 110 62 673 854 610 228 675 958 71 936 943 746 942 512 994 464 597 935 473 866 672 84 344 312 627 64 688 379 829 166 491 707 632 502 969 81 86 222 457 840 461 779 153 638 106 215 288 709 446 929 310 939 605 328 58 816 503 357 482 66 566 740 88 214 889 227 363 615 774 924 72 471 594 521 715 806 11 384 863 346 791 313 304 317 757 259 254 730 414 951 187 169 37 626 44 268 808 95 161 514 635 599 809 189 129 765 410 777 323 497 421 513 956 776 402 297 724 735 965 87 432 109 841 938 456 321 592 616 492 526 210 623 726 968 711 209 651 728 932 65 455 78 561 33 219 299 640 290 905 647 442 631 729 343 326 341 470 10 770 690 708 2 659 986 170 303 271 944 668 552 848 650 374 239 704 269 29 361 881 289 206 734 911 897 531 607 174 805 147 205 108 468 478 207 666 358 906 249 500 232 93 898 278 416 177 953 649 727 547 922 602 975 798 484 949 800 850 279 116 277 146 804 203 933 723 443 676 633 937 836 678 43 608 181 319 918 784 301 931 190 7 772 564 539 523 495 753 5 835 380 296 989 648 957 494 151 373 671 624 420 201 12 858 625 750 667 555 617 609 970 680 913 736 490 485 886 815 742 238 982 36 75 865 991 472 418 230 3 705 787 212 762 327 425 409 737 383 234 579 820 436 417 593 16 793 34 572 669 244 710 761 973 424 972 807 584 767 782 274 349 585 859 172 79 483 46 96 41 875 781 817 264 248 162 766 684 486 164 864 642 139 995 522 828 315 696 280 195 408 142 697 656 121 59 316 915 996 993 182 448 337 398 460 961 870 910 397 154 252 60 378 369 98 233 843 984 322 82 157 180 63 589 103 57 554 877 749 73 137 235 223 966 591 641 988 927 661 197 466 368 49 720 253 706 813 21 719 308 629 754 643 563 713 570 941 367 604 868 819 582 948 758 842 332 851 630 751 788 293 118 508 390 909 636 838 686 716 266 652 535 366 792 184 992 6 790 537 954 430 797 901 725 101 998 653 422 40 658 543 47 439 444 701 28 887 505 85 516 250 426 196 869 645 140 20 225 822 871 334 677 540 176 778 309 356 392 128 928 122 919 619 191 251 391 831 614 844 31 8 255 382 387 217 148 849 532 549 275 156 351 900 224 557 14 167 9 270 517 463 534 654 596 985 273 376 330 295 260 562 578 644 977 475 717 581 286 952 520 48 83 892 722 318 389 292 431 950 381 144 126 25 130 350 603 354 959 394 926 801 67 459 52 559 99 150 69 283 23 818 834 721 914 469 474 908 759 814 586 874 971 298 412 527 155 284 171 433 258 885 536 123 198 560 657 879 530 525 694 665 348 240 575 256 331 261 276 211 769 102 923 305 241 396 419 55 32 185 893 401 974 54 962 135 852 880 510 388 550 763 370 533 15 794 208 545 699 867 434 415 752 113 229 458 440 895 731 282 27 365 845 192 19 237 231 606 165 846 453 441 35 360 18 839 413 551 4 569 204 565 428 756 50 857 573 336 921 339 682 860 955 345 311 199 438 220 226 902 855 934 528 700 400 179 454 692 542 423 42 600 76 1 904 907 39 467 152 97 618 896 837 693 372 353 833 558 786 163 246 546 498 620 773 780 916 294 628 340 548 747 990 127 811 104 796 386 445 802 967 68 202 462 406 143 760 541 595 488 601 119 899 702 452 100 509 945 718 748 302 940 117 45 712 399 588 987 188 53 960 664 741 24 768 832 307 325 873 634 574 810 917 825 272 320 826 698 556 489 306 38 395 695 479 847 903 359 613 30 799 333 733 193 26 681 519 611 173 70 362 262 347 812 141 133 352 247 175 882 538 136 134 291 878 976 105 544 338 670 213 660 329 571 803 236 377 131 679 891 487 745 981 22 242 515 861 257 158 393 703 437 435 743 335 946 655 74 80 91 963 403 90 499 646 287 888 518 375 853 407 567 481 138 465 480 120 577
3
2 3 1
34
1 2 3 18 5 6 15 8 9 10 11 12 13 14 27 16 17 7 19 20 21 22 23 24 25 26 4 28 29 30 31 32 33 34
28
1 2 8 3 27 6 28 10 9 14 11 12 13 4 15 20 21 18 19 17 25 22 23 24 5 26 7 16
2
2 1
10
1 10 3 4 5 6 7 8 9 2
33
17 14 3 32 24 22 28 6 21 27 7 29 11 20 16 26 10 2 18 23 9 19 15 8 1 31 13 25 12 33 30 4 5
1000
435 582 843 834 218 226 300 244 716 863 350 998 315 401 413 694 554 187 89 199 108 794 233 822 859 325 747 722 477 729 759 548 209 721 282 805 803 756 82 526 920 245 541 977 410 485 623 100 938 346 272 640 618 518 519 607 575 137 288 387 423 547 520 327 836 531 286 454 175 600 649 274 551 933 753 294 80 195 625 77 681 39 544 516 821 285 826 361 19 930 417 538 139 561 535 997 856 825 819 48 778 408 135 130 388 691 421 21 323 968 946 400 823 145 569 549 121 645 927 579 117 223 633 714 330 213 674 881 586 104 700 256 751 907 103 878 58 883 93 850 522 727 604 228 114 966 915 537 654 809 916 291 568 509 622 873 210 885 787 734 540 592 612 529 238 283 373 842 571 804 672 993 424 870 69 506 890 514 264 601 232 736 309 730 636 876 18 301 422 848 464 215 212 858 78 837 995 975 20 617 903 867 706 763 872 369 363 320 33 157 974 193 126 797 192 799 757 5 395 255 829 523 122 752 954 6 491 144 781 299 792 181 23 886 261 614 846 165 936 641 815 502 967 8 42 326 944 631 596 474 321 342 368 550 220 132 358 952 758 992 235 588 386 179 396 521 318 455 698 364 949 51 452 72 742 359 489 689 893 313 639 35 166 295 86 67 935 59 656 662 152 675 446 76 284 988 738 984 230 7 188 904 503 399 508 495 365 664 183 493 929 414 280 808 13 402 838 267 882 208 251 382 109 959 26 246 64 783 533 125 685 777 901 926 462 746 472 427 356 667 397 252 924 384 449 50 624 999 769 11 931 406 889 501 795 339 943 257 276 391 88 807 207 270 307 469 405 253 206 991 394 677 167 375 374 765 483 679 572 467 434 322 555 344 461 263 60 105 950 972 360 473 513 371 219 265 341 830 304 112 14 316 874 680 367 352 981 102 576 45 896 855 15 312 642 451 91 776 928 989 107 189 61 173 835 666 338 565 806 591 793 905 768 381 1 437 436 584 456 517 852 934 767 460 845 293 629 712 345 696 416 273 632 68 268 439 909 956 494 444 385 335 651 191 748 528 380 749 366 739 971 337 392 250 860 817 29 499 676 487 660 940 377 919 46 982 480 708 277 718 227 532 310 459 306 590 754 910 478 854 354 242 303 587 832 176 525 305 154 857 918 953 393 178 605 84 440 54 55 63 266 141 222 725 507 40 847 466 164 914 66 492 329 820 95 990 148 92 770 161 43 750 895 83 731 810 62 32 116 254 73 921 557 17 383 879 553 839 827 595 94 840 812 626 428 574 814 153 115 659 169 379 828 566 57 409 609 941 120 985 911 2 782 438 913 129 504 262 833 496 430 162 868 766 560 249 779 849 643 70 180 963 887 143 515 816 56 673 577 682 650 163 964 236 960 798 200 53 790 668 853 155 47 347 79 564 737 655 447 942 248 453 123 939 957 185 684 865 281 52 240 415 599 925 118 774 831 866 71 611 463 869 711 149 628 289 917 994 570 481 693 290 702 308 978 426 340 620 802 987 687 171 608 127 292 479 372 710 378 404 81 610 955 637 331 688 671 686 278 898 106 969 661 16 704 450 724 269 800 131 894 663 983 695 773 203 862 488 902 678 653 448 951 124 891 9 811 490 892 780 34 28 962 697 524 986 142 791 30 184 545 772 932 160 786 182 627 297 470 976 813 275 744 743 970 336 27 465 468 542 133 224 75 497 888 38 217 259 31 801 824 979 204 965 376 594 443 433 349 539 980 732 705 646 871 418 332 101 597 720 229 583 328 844 906 735 159 948 961 619 728 231 431 22 355 958 214 616 216 699 760 669 37 170 36 429 362 314 150 546 717 563 741 567 241 606 476 947 99 534 85 24 113 761 98 87 559 573 221 398 647 505 589 4 425 65 196 317 558 562 897 168 3 784 445 237 527 190 598 140 923 441 621 500 412 97 510 194 25 475 875 707 10 880 638 648 202 593 652 174 775 205 156 403 861 186 908 136 556 864 128 319 138 996 158 234 603 755 353 177 715 719 279 701 543 411 841 690 900 899 333 709 201 302 432 785 134 877 457 498 581 945 585 530 147 151 657 511 484 41 552 973 851 343 644 334 119 419 311 90 351 733 74 442 287 239 1000 49 634 482 578 630 357 247 912 111 818 788 271 389 713 258 512 225 683 458 635 796 324 615 789 723 602 613 764 146 243 110 692 745 471 390 922 211 198 740 44 665 762 771 407 486 703 298 580 726 670 296 420 536 370 260 172 658 197 884 96 12 348 937
1
1
37
26 12 3 4 35 24 9 5 18 20 19 17 6 14 15 16 30 27 23 36 33 11 22 7 34 29 10 1 8 2 25 32 31 13 28 21 37
5
1 2 3 4 5
27
24 2 7 4 5 6 21 8 9 10 11 12 13 14 15 16 17 18 19 20 1 22 23 3 25 26 27
24
1 17 3 4 5 6 7 8 9 19 14 12 13 18 15 16 20 24 10 2 21 22 23 11
39
1 8 3 21 4 25 7 17 9 19 28 6 22 14 15 16 13 18 2 31 11 37 5 12 24 26 27 33 20 30 34 32 36 10 35 23 29 38 39
46
1 2 28 4 5 44 7 26 40 10 11 12 13 14 15 16 37 18 43 20 19 22 9 21 25 30 27 35 29 24 31 36 33 34 8 3 6 38 39 17 41 42 32 23 45 46
22
4 3 21 19 13 2 7 11 15 20 9 16 8 14 1 18 17 12 22 5 10 6
19
1 2 3 4 12 18 6 8 5 10 11 7 13 14 19 16 17 15 9
9
7 2 8 1 6 9 5 4 3
27
22 26 3 18 10 13 16 24 1 19 27 11 6 5 7 14 8 21 9 20 25 2 23 17 4 15 12
1000
752 39 900 864 748 738 414 1000 494 706 665 607 461 379 879 433 499 732 980 854 915 688 948 141 783 953 142 585 310 225 761 206 923 820 126 314 166 86 788 452 975 231 568 505 691 791 434 481 83 85 615 26 444 582 131 852 938 812 230 192 294 59 692 160 533 333 479 276 810 354 402 959 586 681 869 579 843 514 123 806 400 594 818 751 446 256 504 110 94 770 421 813 668 491 657 967 475 14 666 226 786 945 781 891 313 867 370 817 683 107 69 856 873 16 187 649 884 776 139 500 380 241 896 640 247 274 321 318 831 515 545 627 821 603 156 596 907 726 574 4 866 604 645 114 537 939 978 549 411 868 381 755 798 795 284 283 453 319 745 792 437 924 71 161 805 676 512 447 785 878 422 342 916 694 641 254 137 118 693 278 109 88 215 2 725 723 280 181 731 673 30 13 633 23 366 81 171 38 251 796 439 643 659 89 490 502 516 730 542 822 7 427 995 3 787 617 133 257 224 108 992 79 420 851 385 926 859 202 147 704 33 815 484 506 876 84 551 120 653 146 658 887 36 462 720 140 237 671 483 65 364 521 528 90 404 304 699 486 271 569 672 76 746 62 618 477 45 398 155 895 553 128 680 669 87 894 654 765 361 735 12 674 149 425 351 293 53 573 472 775 208 622 667 58 288 193 75 136 130 513 203 82 242 239 273 930 937 566 143 212 489 473 471 824 311 25 397 538 616 164 971 279 809 220 476 144 590 670 384 827 368 771 218 611 295 8 455 631 969 281 325 629 944 562 652 129 105 626 997 897 728 609 5 442 689 679 705 28 794 759 966 399 529 943 642 540 375 858 908 839 920 44 91 300 18 740 965 919 216 175 492 998 552 972 979 478 685 267 962 541 328 441 799 21 236 677 973 219 55 306 862 445 174 905 391 255 951 127 560 807 801 524 197 431 95 113 750 429 682 883 450 722 530 733 988 570 595 520 11 845 349 727 963 103 382 591 769 660 686 96 846 584 977 637 214 70 320 253 743 696 832 329 844 661 780 458 64 644 766 99 353 151 772 263 394 365 277 835 334 664 198 413 148 266 93 834 454 396 248 886 405 401 593 958 51 700 889 41 67 656 823 443 697 571 194 983 906 849 986 117 135 296 459 690 196 312 544 233 52 911 416 337 898 376 246 19 339 523 619 167 526 547 848 352 217 20 655 47 564 124 195 647 54 410 987 199 597 209 438 176 68 56 762 687 754 448 165 784 729 409 323 112 932 360 970 158 881 315 581 917 778 602 482 935 576 767 985 543 860 72 291 162 678 80 275 913 638 159 567 734 57 756 223 378 150 620 764 714 74 362 842 684 600 575 587 343 493 9 100 269 307 419 532 709 554 244 210 989 736 297 331 340 387 811 940 480 322 363 651 816 498 170 240 903 106 608 588 468 357 250 299 182 121 994 874 116 830 910 702 825 173 599 125 423 503 991 837 976 828 517 183 101 592 345 934 73 344 753 412 132 177 157 984 374 338 718 301 747 790 348 841 901 428 942 974 774 467 956 875 703 612 77 941 890 507 749 355 628 464 495 415 272 606 855 496 186 741 536 698 808 153 252 779 228 373 707 662 179 63 610 407 739 227 863 999 37 92 134 308 902 430 336 34 457 840 302 463 853 221 17 417 522 200 929 561 163 205 715 386 424 527 451 829 102 152 719 290 947 169 982 324 625 589 802 392 262 78 138 614 508 737 578 189 518 154 201 713 168 964 485 403 509 646 695 909 871 710 460 572 763 833 708 49 601 6 968 865 285 286 474 712 950 191 946 577 716 335 66 981 350 287 557 24 332 309 98 488 870 180 1 556 188 760 260 27 701 546 757 861 925 406 346 487 97 185 836 436 838 111 630 899 650 469 857 936 635 259 48 42 372 40 145 636 31 996 330 341 744 928 717 724 289 327 555 782 261 850 914 558 605 598 270 990 435 663 949 497 449 789 525 927 317 877 204 511 742 371 465 303 232 535 50 258 624 326 282 880 115 268 211 249 122 583 389 60 43 819 885 440 356 960 234 35 847 777 632 639 456 388 559 912 803 580 229 623 797 383 534 892 426 15 548 888 933 519 235 213 957 952 408 292 316 172 773 918 768 826 10 347 393 882 46 921 758 550 814 954 563 872 510 390 298 358 22 32 104 243 466 359 804 305 613 184 369 395 470 367 29 961 264 648 501 238 377 565 904 61 265 993 190 418 793 539 222 922 634 178 675 800 245 432 621 119 721 955 207 711 893 931 531
2
1 2
998
1 2 3 4 5 6 7 8 9 10 11 12 13 14 15 16 17 18 19 20 21 22 23 24 25 26 27 888 29 30 31 32 33 34 35 36 37 38 39 40 41 42 43 44 45 46 493 48 49 50 51 52 53 54 55 56 57 58 59 60 61 62 63 64 65 66 67 68 69 70 71 72 73 74 75 76 77 78 79 80 81 82 83 84 85 86 87 88 89 90 91 92 93 94 95 96 97 98 99 100 101 102 103 104 105 106 107 108 109 110 111 112 113 114 115 116 117 118 119 120 121 122 123 124 125 126 127 128 129 130 131 132 133 134 135 136 137 138 139 140 141 142 143 144 145 146 147 148 149 150 151 152 153 154 155 156 157 158 159 160 161 162 163 164 165 166 167 168 169 170 171 172 173 174 175 176 177 178 179 180 181 182 183 184 185 186 187 188 189 190 191 192 193 194 195 196 197 198 199 200 201 202 203 204 205 206 207 208 209 210 211 212 213 214 215 216 217 218 219 220 221 222 223 224 225 226 227 228 229 230 842 232 233 234 235 236 237 238 239 240 241 242 243 244 245 246 247 248 249 250 251 252 253 254 255 256 257 258 259 260 261 262 263 264 265 266 267 268 269 270 271 272 273 274 275 276 277 278 279 280 281 282 283 284 285 286 287 288 289 290 291 292 293 294 295 296 297 298 299 300 301 302 303 304 305 306 28 308 443 310 311 312 313 314 315 316 317 318 319 320 321 322 323 324 325 326 327 328 329 330 331 332 333 334 335 336 337 338 339 340 341 342 343 344 345 346 347 348 349 350 351 352 353 354 355 356 357 358 359 360 361 362 363 364 365 366 367 368 369 370 371 372 373 374 375 376 377 309 379 380 381 382 383 384 385 386 387 388 389 390 391 392 393 394 395 396 397 398 399 400 401 402 403 404 405 406 407 408 409 410 411 412 413 414 415 416 417 418 419 420 421 422 423 424 425 426 427 428 429 430 431 432 433 434 435 436 437 438 439 440 441 442 307 444 445 446 447 448 449 450 451 452 453 454 455 456 457 458 459 460 461 462 463 464 465 466 467 468 469 470 471 472 473 474 475 476 477 478 479 480 481 482 483 484 485 486 487 488 489 490 491 492 378 494 495 496 497 498 499 500 501 502 503 504 505 506 507 508 509 510 511 512 513 514 515 516 517 518 519 520 521 522 523 524 525 526 527 528 529 530 531 532 533 534 535 536 537 538 539 540 541 542 543 544 545 546 547 548 549 550 551 552 553 554 555 556 557 558 559 560 561 562 563 564 565 566 567 568 569 570 571 572 573 574 575 576 577 578 579 580 581 582 583 584 585 586 587 588 589 590 591 592 593 594 595 596 597 598 599 600 601 602 603 604 605 606 607 608 609 610 611 612 613 614 615 616 617 618 619 620 621 622 623 624 625 626 627 628 629 630 631 632 633 634 635 636 637 638 639 640 641 642 643 644 645 646 647 648 649 650 651 652 653 654 655 656 657 658 659 660 661 662 663 664 665 666 667 668 669 670 671 672 673 674 675 676 677 678 679 680 681 682 683 684 685 686 687 688 689 690 691 692 693 694 695 696 697 698 699 700 701 702 703 704 705 706 707 708 709 710 711 712 713 714 715 716 717 718 719 720 721 722 723 724 725 726 727 728 729 730 731 732 733 734 735 736 737 738 739 740 741 742 743 744 745 746 747 748 749 750 751 752 753 754 755 756 757 758 759 760 761 762 763 764 765 766 767 768 769 770 771 772 773 774 775 776 777 778 779 780 781 782 783 784 785 786 787 788 789 790 791 792 793 794 795 796 797 798 799 800 801 802 803 804 805 806 807 808 809 810 811 812 813 814 815 816 817 818 819 820 821 822 823 824 825 826 827 828 829 830 831 832 833 834 835 836 837 838 839 840 841 231 843 844 845 846 847 848 849 850 851 852 853 854 855 856 857 858 859 860 861 862 863 864 865 866 867 868 869 870 871 872 873 874 875 876 877 878 879 880 881 882 883 884 885 886 887 972 889 890 891 892 893 894 895 896 897 898 899 900 901 902 903 904 905 906 907 908 909 910 911 912 913 914 915 916 917 918 919 920 921 922 923 924 925 926 927 928 929 930 931 932 933 934 935 936 937 938 939 940 941 942 943 944 945 946 947 948 949 950 951 952 953 954 955 956 957 958 959 960 961 962 963 964 965 966 967 968 969 970 971 47 973 974 975 976 977 978 979 980 981 982 983 984 985 986 987 988 989 990 991 992 993 994 995 996 997 998
1000
790 654 832 643 87 496 730 918 2 989 707 450 305 212 304 143 805 37 239 249 630 77 279 410 749 288 821 862 68 209 394 15 642 965 142 113 527 60 342 180 359 434 610 324 489 941 460 734 137 117 945 271 575 268 637 661 490 605 530 612 306 278 487 283 952 814 172 966 666 23 962 408 683 840 38 139 51 639 556 754 942 516 818 422 698 715 421 711 583 303 719 147 784 245 964 650 596 53 242 974 552 813 240 401 791 761 950 287 500 270 845 963 237 406 473 568 725 700 836 553 767 179 540 499 353 39 251 808 35 927 975 468 85 961 616 582 372 484 870 231 656 204 150 412 788 476 825 702 202 907 851 67 1000 201 569 295 958 116 219 442 863 316 462 990 43 994 546 84 565 663 389 411 6 525 313 829 900 171 176 145 777 866 909 79 54 547 154 98 50 224 680 266 521 488 852 472 995 280 742 726 340 816 234 351 310 57 407 621 865 677 292 83 955 760 617 265 105 624 759 991 329 400 898 667 376 203 819 795 91 993 868 431 847 158 261 626 505 753 360 507 751 839 374 729 595 343 29 404 978 921 416 913 183 455 554 815 992 504 483 347 536 99 831 914 193 622 140 86 446 938 417 901 584 469 657 867 297 207 709 697 888 511 860 33 387 151 566 936 125 252 770 972 349 481 513 648 659 785 276 951 298 346 334 63 361 984 218 843 167 588 467 157 775 613 447 186 981 561 1 461 548 427 757 174 688 674 858 437 899 943 103 385 804 27 953 691 335 326 545 519 792 205 800 597 609 191 338 448 590 506 977 211 430 101 594 838 968 633 675 510 735 802 826 102 518 592 48 722 706 599 402 948 687 694 111 755 210 486 7 756 429 56 73 647 471 206 459 159 997 905 188 555 267 762 69 475 391 803 685 779 793 668 100 824 982 274 293 12 93 123 192 846 428 31 106 644 949 302 97 924 705 614 110 998 114 492 550 532 758 892 897 223 379 522 41 433 822 76 9 452 364 628 529 716 262 618 388 89 36 887 21 166 541 980 627 570 976 136 890 956 601 307 238 572 615 378 662 337 738 891 216 708 710 65 736 187 752 420 931 925 162 772 543 864 809 30 733 833 222 564 355 739 451 678 844 413 523 178 399 3 765 16 432 317 672 160 344 944 464 66 28 138 848 686 684 299 673 857 724 195 380 744 932 200 787 920 670 383 263 559 745 799 929 910 396 720 130 228 696 485 289 930 164 885 533 812 603 356 508 435 423 811 881 573 122 348 695 373 363 405 314 731 241 524 634 652 81 168 253 290 258 721 332 493 996 806 717 4 80 230 786 664 44 514 498 837 232 18 281 215 619 959 40 477 563 345 528 8 25 457 750 935 608 149 985 912 325 96 651 320 474 362 988 922 740 439 419 850 438 72 277 321 782 502 90 693 311 381 983 213 131 190 146 781 308 165 660 367 300 390 256 933 112 665 13 11 620 196 71 571 842 94 783 58 194 10 75 611 635 960 823 301 681 919 312 255 189 156 671 466 369 257 549 827 957 184 768 182 322 937 449 382 769 774 319 940 141 602 285 886 577 835 798 714 871 856 208 625 551 233 497 375 220 181 371 225 286 197 911 585 600 778 632 878 967 169 119 876 576 820 501 859 875 587 339 542 269 107 794 748 690 250 896 669 986 426 701 259 776 810 128 939 884 368 517 440 17 699 341 19 593 392 42 526 88 409 607 309 904 853 560 441 445 20 894 649 971 895 903 494 282 22 444 581 62 969 272 414 120 323 746 841 377 152 797 873 175 766 124 589 807 49 236 743 638 979 14 558 463 591 928 294 5 47 465 264 478 544 480 109 817 923 520 580 395 92 386 177 331 535 692 185 830 26 934 163 296 641 134 328 235 59 45 135 828 78 906 226 273 655 861 645 727 398 118 198 954 882 728 104 243 855 384 915 275 443 470 503 214 869 453 365 121 567 796 557 877 789 598 537 703 509 70 61 333 495 170 318 704 946 330 246 284 46 763 987 947 574 244 350 52 55 712 425 512 562 531 893 358 403 773 747 606 217 133 970 801 291 129 623 539 676 127 315 424 854 764 366 874 153 370 999 973 879 247 393 780 327 491 723 24 713 917 199 880 732 586 737 173 161 834 357 849 908 126 108 771 538 260 436 902 629 115 631 248 144 82 534 456 254 454 415 883 640 418 653 689 916 646 221 34 682 32 352 336 741 889 148 658 397 64 479 227 679 132 872 718 458 604 926 95 74 354 155 579 482 578 515 636 229
999
299 932 725 785 749 206 291 914 751 2 668 184 417 938 364 508 188 161 675 314 36 659 847 606 544 589 872 716 895 129 136 717 46 359 905 616 524 950 35 882 72 746 587 63 995 555 450 7 294 752 918 142 426 575 439 179 255 37 458 240 267 354 230 602 712 531 759 960 100 968 984 201 513 59 219 584 992 700 515 344 979 561 353 221 552 85 443 203 310 202 703 652 931 864 348 543 375 609 735 65 540 580 812 999 133 951 512 505 384 841 389 732 978 334 355 966 593 301 699 944 935 955 502 460 305 855 834 611 315 9 559 853 168 163 442 617 86 710 570 43 176 373 208 149 311 446 448 520 393 429 28 526 871 152 45 275 112 642 670 722 271 927 959 904 156 506 362 522 887 494 900 69 674 116 298 34 556 689 15 923 982 88 496 734 485 817 205 778 115 495 753 828 548 679 678 972 863 74 519 128 171 391 477 788 595 482 768 318 408 189 762 830 610 32 178 490 867 764 77 691 954 327 633 499 196 558 769 539 988 567 860 307 416 921 736 686 478 369 388 220 930 428 332 866 479 108 401 451 360 18 164 378 424 232 843 763 432 441 109 295 274 711 322 461 227 776 714 272 253 159 977 99 474 262 258 713 503 920 693 823 569 155 837 821 200 848 873 896 530 946 93 30 68 269 532 942 125 985 26 398 331 743 214 665 654 598 813 547 498 975 157 50 66 114 453 913 681 718 341 290 187 632 976 87 285 535 729 48 583 858 324 198 457 463 692 760 4 838 293 953 11 631 754 16 427 169 437 481 76 963 835 336 779 404 407 618 199 582 525 721 826 836 983 715 263 614 644 379 276 645 621 400 386 10 89 92 537 394 591 158 94 939 890 27 624 680 947 509 648 596 594 934 801 656 767 268 21 53 71 435 122 811 528 337 804 851 673 658 55 483 577 980 445 708 242 175 794 39 185 287 757 349 193 266 75 80 723 991 521 597 148 641 564 989 568 497 422 40 695 724 802 17 697 447 195 226 357 747 181 783 629 922 286 756 501 319 217 246 23 493 444 12 387 790 605 601 430 491 134 868 351 409 660 326 438 223 910 926 83 782 818 395 70 466 284 190 56 105 662 238 755 167 696 165 47 489 806 323 562 81 649 877 244 209 229 356 945 620 758 251 162 473 212 875 476 775 789 216 637 720 84 546 325 517 912 137 608 385 797 956 573 885 894 415 117 352 949 816 78 704 413 98 969 940 347 455 300 54 565 886 192 948 361 730 329 469 908 987 101 799 381 57 282 542 993 211 705 419 160 254 61 733 312 891 554 412 803 925 646 459 791 119 996 970 574 270 701 741 761 127 91 41 484 25 172 418 809 619 655 728 994 538 410 170 113 647 719 1 579 943 581 470 820 42 5 901 613 173 840 880 795 893 376 861 906 79 467 222 844 534 627 166 241 126 191 742 3 726 846 600 560 727 472 669 507 292 392 664 815 197 345 688 288 24 825 399 236 464 153 273 810 744 257 792 986 883 603 225 306 516 406 38 957 33 737 218 210 958 770 138 423 529 865 370 279 118 822 51 303 233 709 514 397 333 462 962 283 998 486 845 898 916 20 899 372 330 380 6 224 973 130 990 62 247 876 653 639 44 304 492 787 132 643 870 572 878 638 239 903 640 738 104 550 402 480 889 814 145 586 798 123 365 140 773 971 141 207 623 368 411 317 321 95 888 19 97 425 335 661 342 440 585 471 626 566 981 615 243 174 452 859 431 854 131 151 150 571 667 358 124 553 180 278 245 833 527 52 328 551 367 106 194 186 49 281 139 849 682 374 316 260 774 765 702 67 549 961 937 839 683 436 120 107 766 82 249 147 824 933 237 121 510 902 657 309 487 73 377 622 102 650 777 90 31 308 146 297 592 694 881 296 578 541 449 612 805 745 371 22 454 557 634 536 261 706 941 215 396 420 907 259 403 965 182 248 671 915 800 677 231 504 630 897 827 213 892 884 475 588 58 383 590 974 29 771 135 663 687 545 434 177 256 879 731 468 831 382 523 456 928 672 576 250 625 628 252 698 366 277 781 739 917 14 421 819 154 748 363 690 339 533 786 518 997 780 350 183 607 599 856 340 676 666 829 796 909 144 750 320 919 852 832 500 110 911 280 707 964 807 111 346 635 869 685 64 8 684 793 60 302 850 405 511 563 924 929 289 13 143 862 343 636 433 651 265 234 235 784 967 488 936 338 313 952 228 96 842 264 772 103 857 465 390 604 874 204 414 808 740
1000
889 353 433 946 322 149 891 885 765 277 153 3 163 58 512 854 984 20 886 596 898 683 67 128 790 431 604 23 764 800 495 369 503 836 438 162 408 24 553 106 285 472 872 318 810 246 760 307 469 94 603 962 996 77 265 757 850 929 121 933 540 204 878 916 56 706 319 109 210 276 704 501 499 594 230 102 14 333 444 95 424 186 789 435 661 120 496 158 943 544 914 949 614 423 72 689 184 845 615 896 494 443 45 311 588 645 32 393 842 985 692 326 702 957 723 201 649 189 746 42 786 862 47 958 726 105 937 407 691 999 861 797 310 630 724 784 616 644 342 526 233 915 651 55 732 829 613 912 219 403 725 754 334 1000 875 30 952 325 858 119 390 166 823 138 973 681 855 62 507 508 846 812 218 449 388 986 108 755 669 354 323 374 386 894 942 419 480 672 69 114 602 819 586 273 963 882 939 28 624 857 969 53 35 327 295 827 134 240 567 743 268 224 727 548 61 74 46 556 260 68 154 722 623 763 948 572 824 316 735 267 608 632 688 305 843 392 223 653 60 417 38 685 772 617 402 365 440 554 211 868 510 511 769 770 451 217 283 261 434 802 513 376 558 832 761 940 477 199 232 483 368 751 747 130 960 699 87 88 399 171 717 707 146 913 92 664 992 10 522 243 745 831 848 655 633 139 767 145 420 971 411 107 849 286 840 720 161 918 838 291 446 117 465 628 80 271 804 152 675 452 776 372 591 264 486 330 708 425 657 637 550 779 147 775 626 788 244 299 266 654 792 123 678 922 821 535 492 631 349 493 52 43 560 379 16 281 541 401 412 75 176 932 808 132 901 405 344 86 954 595 290 701 96 938 48 879 895 19 71 988 579 296 206 470 64 177 520 245 734 791 589 463 167 555 994 373 404 254 638 531 7 37 983 324 122 990 820 976 598 853 606 981 835 908 429 871 142 250 384 674 484 705 157 549 79 926 458 193 629 385 539 564 883 11 911 806 864 59 897 82 869 534 877 718 809 787 98 70 208 335 300 462 950 766 521 523 902 289 721 418 627 585 748 36 803 476 805 50 959 851 917 744 192 124 815 459 551 205 485 213 519 834 314 610 527 76 662 618 293 593 226 40 509 928 4 575 229 884 421 660 762 340 427 391 694 639 571 170 780 214 1 382 656 863 899 947 852 432 294 488 783 413 906 490 758 847 479 406 9 278 180 473 497 467 489 445 160 89 538 870 308 833 859 841 563 238 200 389 306 713 830 231 471 129 282 151 274 581 93 517 528 331 607 258 801 826 65 140 866 753 759 148 304 5 738 416 668 178 524 974 49 321 360 536 378 259 113 925 605 543 345 584 890 156 934 690 930 292 679 39 453 741 888 127 63 303 172 781 57 987 578 977 640 828 698 364 904 794 546 51 676 647 935 136 740 284 514 995 280 956 951 844 338 505 642 663 648 242 739 332 78 818 339 777 921 955 361 173 328 856 793 742 437 236 504 73 297 562 101 215 577 302 991 619 822 198 85 998 430 144 500 880 733 66 697 867 131 774 275 457 620 262 350 966 807 221 257 530 454 714 359 341 112 621 635 216 356 693 961 569 237 532 576 272 964 712 687 580 487 565 21 646 239 641 383 982 84 545 965 997 90 450 684 247 422 825 782 15 643 387 191 25 135 860 695 909 97 317 518 439 710 194 953 559 26 409 29 155 590 611 309 125 778 936 426 814 329 301 248 351 99 737 583 17 363 253 979 460 396 703 371 795 587 561 110 175 816 625 525 428 269 255 972 279 542 8 752 931 441 600 197 968 100 941 796 711 731 557 164 798 903 104 241 222 168 179 537 394 143 461 346 515 270 174 249 54 456 381 347 671 634 920 212 582 6 811 31 729 658 756 27 547 448 927 592 813 980 13 126 196 415 574 682 491 736 187 865 533 352 666 730 876 749 924 34 207 506 395 235 181 923 188 442 466 33 228 220 287 116 799 380 115 570 768 397 370 696 659 455 209 652 900 203 665 2 81 975 355 673 320 482 118 298 44 817 650 597 18 190 475 887 464 436 919 366 91 700 234 12 498 970 150 41 251 165 227 601 312 839 357 400 414 159 636 716 141 680 907 348 367 22 677 377 719 892 133 670 288 785 516 410 622 715 263 481 709 256 773 609 202 362 313 474 375 612 252 837 728 336 315 83 137 502 358 169 944 447 893 568 910 771 993 195 945 967 905 225 337 566 667 573 398 599 185 343 873 111 989 529 552 881 978 478 686 103 183 468 182 750 874
996
1 2 3 4 5 6 7 8 9 10 11 12 13 14 15 16 17 18 19 20 21 22 23 24 25 26 27 28 29 30 31 32 33 34 35 36 37 38 39 40 41 42 43 44 45 46 47 48 49 50 51 52 53 54 55 56 57 58 59 60 61 62 63 64 65 66 67 68 69 70 71 72 73 74 75 76 77 78 79 80 81 82 83 84 85 86 87 88 89 90 91 92 93 94 95 96 97 98 99 100 101 102 103 104 105 106 107 108 109 110 111 112 113 114 115 116 117 118 119 120 121 122 123 124 125 126 127 128 129 130 131 132 133 134 135 136 137 138 139 140 141 142 143 144 145 146 147 148 149 150 151 152 153 154 155 156 157 158 159 160 161 162 163 164 165 166 167 168 169 170 171 172 173 174 175 176 177 178 179 180 181 182 183 184 185 186 187 188 189 190 191 192 193 194 195 196 197 198 199 200 201 202 203 204 205 206 207 208 209 210 211 212 213 214 215 216 217 218 219 220 221 222 223 224 225 226 227 228 229 230 231 232 233 234 235 236 237 238 239 240 241 242 243 244 245 246 247 248 249 250 251 252 253 254 255 256 257 258 259 260 261 262 263 264 265 266 267 268 269 270 271 272 273 274 275 276 277 278 279 280 281 282 283 284 285 286 287 288 289 290 291 292 293 294 295 296 297 298 299 300 301 302 303 304 305 306 307 308 309 310 311 312 313 314 315 316 317 318 319 320 321 322 323 324 325 326 327 328 329 330 331 332 333 334 335 336 337 338 339 340 341 342 343 344 345 346 347 348 349 350 351 352 353 354 355 356 357 358 359 360 361 362 363 364 365 366 367 368 369 370 371 372 373 374 375 376 377 378 379 380 381 382 383 384 385 386 387 388 389 390 391 392 393 394 395 396 397 398 399 400 401 402 403 404 405 406 407 408 409 410 411 412 413 414 415 416 417 418 419 420 421 422 423 424 425 426 427 428 429 430 431 432 433 434 435 436 437 438 439 440 441 442 443 444 445 446 447 448 449 450 451 452 453 454 455 456 457 458 459 460 461 462 463 464 465 466 467 468 469 470 471 472 473 474 475 476 477 478 479 480 481 482 483 484 485 486 487 488 489 490 491 492 493 494 495 496 497 498 499 500 501 502 503 504 505 506 507 508 509 510 511 512 513 514 515 516 517 518 519 520 521 522 523 524 525 526 527 528 529 530 531 532 533 534 535 536 537 538 539 540 541 542 543 544 545 546 547 548 549 550 551 552 553 554 555 556 557 558 559 560 561 562 563 564 565 566 567 568 569 570 571 572 573 574 575 576 577 578 579 580 581 582 583 584 585 586 587 588 589 590 591 592 593 594 595 596 597 598 599 600 601 602 603 604 605 606 607 608 609 610 611 612 613 614 615 616 617 618 619 620 621 622 623 624 625 626 627 628 629 630 631 632 633 634 635 636 637 638 639 640 641 642 643 644 645 646 647 648 649 650 651 652 653 654 655 656 657 658 659 660 661 662 663 664 665 666 667 668 669 670 671 672 673 674 675 676 677 678 679 680 681 682 683 684 685 686 687 688 689 690 691 692 693 694 695 696 697 698 699 700 701 702 703 704 705 706 707 708 709 710 711 712 713 714 715 716 717 718 719 720 721 722 723 724 725 726 727 728 729 730 731 732 733 734 735 736 737 738 739 740 741 742 743 744 745 746 747 748 749 750 751 752 753 754 755 756 757 758 759 760 761 762 763 764 765 766 767 768 769 770 771 772 773 774 775 776 777 778 779 780 781 782 783 784 785 786 787 788 789 790 791 792 793 794 795 796 797 798 799 800 801 802 803 804 805 806 807 808 809 810 811 812 813 814 815 816 817 818 819 820 821 822 823 824 825 826 827 828 829 830 831 832 833 834 835 836 837 838 839 840 841 842 843 844 845 846 847 848 849 850 851 852 853 854 855 856 857 858 859 860 861 862 863 864 865 866 867 868 869 870 871 872 873 874 875 876 877 878 879 880 881 882 883 884 885 886 887 888 889 890 891 892 893 894 895 896 897 898 899 900 901 902 903 904 905 906 907 908 909 910 911 912 913 914 915 916 917 918 919 920 921 922 923 924 925 926 927 928 929 930 931 932 933 934 935 936 937 938 939 940 941 942 943 944 945 946 947 948 949 950 951 952 953 954 955 956 957 958 959 960 961 962 963 964 965 966 967 968 969 970 971 972 973 974 975 976 977 978 979 980 981 982 983 984 985 986 987 988 989 990 991 992 993 994 995 996
998
453 486 581 466 298 809 116 8 65 810 606 603 98 623 694 634 478 122 695 20 759 291 23 1 962 576 285 744 52 863 321 32 610 793 35 4 925 906 39 40 41 42 637 355 593 982 406 340 786 607 918 782 127 54 885 450 58 639 813 611 78 429 472 48 554 538 963 68 69 289 768 202 195 219 51 435 77 944 79 396 146 746 727 338 648 445 597 74 489 60 946 599 803 754 426 96 269 436 242 431 82 525 881 104 728 258 817 108 168 471 854 704 872 300 583 72 458 804 119 124 302 36 890 348 125 162 59 400 491 516 504 582 563 290 917 461 875 579 140 981 7 802 243 194 145 462 147 730 118 175 236 765 442 512 155 156 362 404 720 160 252 182 658 133 352 514 308 148 185 427 212 172 686 771 566 176 177 941 333 180 521 935 186 271 950 565 966 262 578 905 873 997 121 50 557 163 448 304 66 571 574 822 198 204 586 708 37 858 320 816 184 508 739 734 215 216 306 218 53 233 221 767 764 425 225 677 922 130 376 230 231 232 383 948 553 9 164 238 975 676 698 463 416 774 591 619 828 756 267 915 280 721 411 628 203 666 143 488 34 260 492 821 381 936 977 266 166 377 993 270 479 620 501 959 275 723 207 556 986 889 777 282 158 568 552 286 117 358 862 173 153 419 179 336 541 222 515 261 191 430 710 938 303 379 61 277 418 888 465 226 996 924 667 314 315 650 317 318 75 128 393 360 892 12 325 14 612 455 272 330 331 363 139 705 200 459 337 570 951 26 820 903 63 560 80 346 347 208 387 912 573 157 663 354 558 294 511 16 898 762 984 2 497 934 365 617 367 834 824 357 110 372 373 250 815 392 801 135 562 235 451 21 674 784 385 551 716 388 389 829 510 602 545 29 395 894 217 988 626 224 401 755 403 697 405 211 855 507 860 699 254 256 255 414 345 740 27 555 239 268 421 81 678 76 234 432 165 394 978 281 483 958 687 751 309 701 437 438 664 440 899 749 295 366 796 498 447 141 522 830 994 895 998 955 840 914 843 106 865 460 131 832 540 170 790 444 44 645 374 523 642 183 481 129 475 493 353 31 237 480 953 482 930 484 544 398 659 144 263 102 931 874 413 449 412 725 769 341 499 38 792 913 503 13 84 643 847 791 837 397 548 274 729 572 536 253 428 520 519 446 780 343 115 524 409 526 334 509 323 546 921 532 533 722 190 90 537 278 391 88 113 542 487 319 741 45 670 288 549 174 92 859 443 287 700 344 369 399 11 781 745 561 356 193 214 655 866 422 596 390 870 305 719 932 627 161 770 969 93 588 71 220 259 827 909 299 587 322 205 590 150 592 210 500 595 248 690 452 312 324 601 33 495 604 605 19 123 608 527 126 94 301 518 614 380 364 689 657 189 276 942 653 567 169 577 134 937 835 864 209 737 635 633 433 241 67 196 474 149 531 17 877 652 644 24 293 246 62 313 654 651 359 564 229 736 485 477 580 760 808 661 669 752 789 665 897 420 3 785 850 940 672 673 668 594 151 733 879 819 908 640 848 120 684 972 738 973 600 402 197 682 692 569 839 772 696 688 900 681 228 947 702 513 911 328 187 283 517 415 456 244 142 713 714 530 943 711 5 871 814 985 247 632 709 884 726 846 227 534 706 473 732 979 181 109 798 64 434 624 371 615 742 748 410 167 297 206 342 111 876 378 257 223 375 457 766 101 529 638 715 506 6 763 85 171 961 543 335 494 630 284 983 240 154 775 641 138 192 779 849 201 505 47 159 439 952 787 788 956 671 852 467 923 794 795 806 797 980 199 800 585 703 856 496 805 707 646 361 631 307 811 933 296 178 351 647 100 818 675 613 718 18 747 799 46 826 916 660 89 869 470 152 833 349 584 28 132 838 712 618 841 842 476 844 539 311 249 989 974 693 851 939 853 928 919 691 857 105 609 56 547 469 757 559 279 807 867 868 735 103 57 417 310 49 929 685 750 464 408 812 861 136 883 99 468 886 83 15 332 137 891 836 893 825 622 339 188 43 680 621 901 97 86 904 70 264 907 629 91 441 87 761 926 265 753 625 724 823 598 920 490 550 251 55 329 965 927 778 213 292 831 273 73 662 95 112 880 25 957 454 382 10 114 575 945 683 245 423 368 902 528 649 350 954 949 910 773 107 656 960 991 717 731 964 743 502 967 968 616 758 971 326 887 987 30 976 990 882 386 424 636 384 679 783 535 407 970 316 370 896 589 992 878 22 995 845 776 327
27
1 2 3 4 5 6 7 8 9 19 11 13 16 14 10 15 17 18 12 20 21 22 23 24 25 26 27
998
933 975 118 590 922 377 223 507 662 802 254 236 974 858 140 438 519 671 469 418 365 598 978 815 474 989 310 324 842 819 917 441 614 759 96 862 31 425 876 316 384 402 123 290 984 263 456 969 427 609 251 724 326 423 51 43 960 475 389 603 803 173 40 187 181 578 565 581 361 501 81 331 165 855 539 112 773 601 126 990 448 139 478 622 306 186 242 113 983 467 204 998 772 217 84 159 4 135 931 634 305 245 100 541 864 9 752 453 383 466 751 480 216 106 667 653 515 566 460 821 533 387 853 219 567 850 155 487 171 394 36 619 868 962 531 643 632 571 289 648 543 273 637 1 593 80 748 898 928 972 380 726 959 270 734 644 2 964 766 399 401 715 199 995 266 458 552 549 325 749 77 356 851 805 85 690 518 694 674 95 352 333 753 822 932 526 594 226 13 524 362 963 255 488 956 213 997 650 585 413 833 167 602 697 839 860 269 790 447 229 16 592 810 630 284 463 994 205 754 608 556 535 194 486 142 900 12 328 17 7 24 257 600 295 647 300 582 546 926 432 498 988 71 32 942 703 626 145 168 82 279 985 510 137 163 827 272 381 87 379 750 829 503 606 465 791 711 178 348 340 688 825 528 934 774 203 838 939 108 220 625 429 228 227 636 628 373 732 889 675 27 317 800 681 529 129 54 545 76 660 909 615 120 471 275 597 482 813 801 809 869 407 105 410 949 302 10 368 454 250 400 882 147 358 973 730 902 635 124 899 57 517 991 435 547 638 42 214 532 94 551 433 776 906 530 617 649 706 271 109 343 134 916 818 670 136 83 426 104 351 91 887 879 37 886 234 583 404 550 411 834 919 642 570 709 961 692 576 563 796 341 713 56 677 349 604 395 514 61 884 580 58 130 913 200 25 923 738 329 607 579 210 422 739 787 890 30 557 646 485 831 740 419 88 161 623 276 875 6 258 237 620 390 782 573 816 439 538 966 359 661 640 444 771 874 169 39 29 708 866 755 826 20 789 574 442 267 837 757 678 779 378 794 722 793 421 206 477 616 128 716 202 737 792 548 70 696 424 286 176 925 192 520 86 339 375 119 172 493 936 5 125 232 367 18 336 784 185 584 500 699 523 166 437 840 575 668 244 702 795 79 745 865 691 589 256 878 259 107 353 260 301 114 641 62 38 55 897 156 455 121 505 372 695 175 871 335 577 376 197 434 824 211 131 52 21 693 952 490 450 652 420 22 954 764 683 885 304 798 743 701 953 364 193 464 417 558 979 321 929 599 847 663 218 848 516 93 781 921 230 473 512 491 841 174 369 682 508 332 506 281 190 540 672 728 595 765 700 758 274 322 68 892 612 845 489 627 431 184 568 687 277 770 144 23 44 976 334 562 357 138 189 912 877 294 679 891 744 914 849 443 354 75 483 927 768 360 89 823 495 804 449 303 428 542 522 780 215 239 861 908 393 412 307 249 363 497 212 391 457 846 278 382 67 957 544 115 282 246 788 330 198 476 484 370 111 292 28 116 225 943 950 285 986 90 268 945 346 49 872 710 852 231 645 264 618 673 605 78 894 327 775 977 705 854 132 459 403 904 318 686 883 843 283 903 610 388 762 859 446 299 654 736 8 143 970 14 280 69 409 315 64 763 293 451 180 342 873 785 756 481 658 624 888 698 555 48 345 863 191 3 559 122 817 222 26 971 689 835 941 987 621 98 241 935 778 297 99 656 201 247 553 133 946 261 586 146 655 951 338 347 707 154 350 355 60 769 665 719 915 34 981 265 965 35 253 366 436 680 141 591 561 462 968 397 717 287 938 221 588 659 262 117 385 461 502 445 867 496 224 676 110 704 980 47 164 836 66 311 430 65 59 820 494 905 157 714 893 828 405 742 534 731 170 572 786 238 525 309 993 396 63 725 344 398 252 470 777 41 288 685 298 930 799 127 611 895 291 149 50 669 74 712 19 103 723 811 11 408 832 955 947 639 596 721 767 992 901 152 209 101 881 148 97 958 729 92 406 560 150 733 814 415 735 492 73 371 982 72 416 195 727 313 158 296 153 807 761 718 53 666 196 631 183 479 179 651 830 374 314 948 177 856 452 911 967 806 808 569 208 629 207 151 944 554 937 509 499 918 33 812 907 664 162 587 468 513 910 440 308 760 235 504 870 633 45 319 102 527 657 783 46 337 747 386 312 392 15 233 537 844 182 746 613 924 511 564 720 684 160 896 940 797 521 536 414 240 920 741 472 248 320 857 996 243 323 188 880
9
1 6 3 8 2 5 4 7 9
23
1 2 15 20 5 23 7 8 9 4 12 18 19 14 3 21 17 6 22 13 10 16 11
4
1 2 3 4
3
1 2 3
31
22 2 10 4 5 6 7 1 31 19 11 12 13 14 15 16 17 3 25 20 8 21 23 24 9 26 27 28 29 30 18
1000
14 147 155 45 322 214 440 194 738 121 496 230 475 1 477 901 942 394 202 177 490 918 593 638 864 556 295 72 57 62 728 811 107 471 634 165 915 906 790 998 620 483 353 982 4 387 999 478 481 667 590 250 639 986 453 771 29 951 420 539 511 30 824 577 652 474 411 852 287 950 705 28 691 566 695 273 285 568 813 319 377 555 241 699 664 968 372 217 239 746 575 846 286 247 546 778 802 407 772 754 729 128 192 887 987 665 33 976 350 303 124 258 560 632 994 269 277 865 955 251 10 868 537 111 966 169 939 102 272 549 893 921 397 296 300 482 569 517 604 473 332 704 641 715 422 757 2 769 682 436 181 264 231 198 3 835 367 164 204 510 937 975 718 158 36 409 827 866 126 178 731 320 427 600 522 985 20 170 761 291 151 886 940 655 897 723 523 336 233 674 587 103 958 8 462 576 646 154 594 423 551 19 1000 159 854 389 647 917 386 310 579 708 327 6 792 355 88 538 472 744 363 774 371 586 923 742 627 383 455 12 153 400 189 768 282 763 344 927 89 263 83 949 314 789 404 469 94 635 739 52 120 829 415 810 449 984 534 112 871 653 979 713 240 152 390 362 714 524 116 907 613 129 76 953 896 710 117 417 947 342 536 235 309 447 77 93 69 874 891 442 180 707 649 418 27 134 765 364 804 135 612 694 110 333 412 996 992 839 283 210 679 414 834 243 847 582 732 936 80 172 485 5 877 480 565 628 213 712 945 413 621 141 304 837 614 188 508 433 855 888 684 280 583 237 544 809 688 859 913 109 366 595 43 967 216 850 784 631 597 532 863 266 221 298 711 351 157 801 680 776 223 87 446 591 822 384 81 959 860 762 823 658 228 376 922 209 46 997 206 265 971 495 960 18 509 678 133 745 799 232 929 596 686 245 793 838 98 719 166 812 67 305 330 312 253 935 278 294 441 59 938 145 200 706 515 615 173 443 925 844 687 895 338 826 861 150 553 460 867 7 419 290 428 578 624 373 284 825 255 500 916 878 55 884 229 468 700 692 602 438 726 195 963 880 817 882 725 456 246 588 34 219 140 66 13 805 15 48 775 324 49 136 42 969 321 957 535 981 782 21 828 781 814 991 392 11 920 567 881 450 648 764 879 989 724 548 642 337 395 160 61 671 803 657 425 519 138 954 516 743 603 175 187 268 894 973 964 856 794 795 831 360 849 257 487 281 123 218 60 806 660 883 830 345 554 95 702 506 130 889 201 983 437 545 82 26 622 734 905 113 733 993 663 899 325 74 498 78 137 760 980 601 598 962 91 196 64 444 211 689 943 316 343 890 696 224 191 470 833 51 374 946 23 199 352 402 359 573 740 174 572 459 521 139 990 857 779 840 666 693 911 301 271 335 426 872 690 843 681 41 331 557 978 445 786 796 227 326 773 928 358 114 643 35 248 836 919 24 53 903 143 507 633 766 798 197 207 501 293 842 858 65 260 770 184 683 514 382 703 541 933 675 563 85 106 609 50 926 685 948 512 869 748 190 662 924 722 396 311 369 619 149 656 341 669 403 431 347 580 617 73 458 610 302 75 585 788 755 84 457 912 547 659 142 71 424 292 212 787 276 365 328 262 267 144 818 910 163 408 783 965 677 186 505 467 461 819 31 101 807 171 317 561 558 737 988 735 9 249 599 751 226 520 220 398 90 900 673 977 909 741 800 820 100 698 851 146 930 902 570 179 380 236 502 297 644 791 234 148 654 56 99 629 222 479 370 876 96 607 870 492 489 720 357 875 625 709 697 244 39 767 215 405 529 530 626 821 645 399 752 368 97 513 299 476 540 730 972 346 254 32 410 79 493 914 845 465 716 727 753 797 375 381 63 448 434 167 491 252 543 531 904 589 313 156 636 334 406 308 608 995 650 618 430 816 92 315 941 533 356 756 68 952 205 339 528 606 651 348 379 435 970 361 25 118 168 439 122 672 780 259 616 956 288 785 777 323 452 503 464 499 466 542 454 931 182 104 340 550 584 289 932 131 525 432 275 185 908 564 747 16 759 640 832 559 38 270 898 750 717 611 701 349 815 37 451 208 22 637 497 132 385 225 676 429 668 238 630 401 758 885 892 661 944 416 318 161 421 127 183 848 17 581 934 329 592 279 670 242 70 58 853 274 518 119 873 486 193 378 393 974 574 463 527 721 125 354 86 484 862 391 808 526 961 162 108 749 623 261 571 488 44 552 256 176 54 105 736 504 605 494 307 562 115 841 306 388 40 47 203
1
1
35
27 23 3 1 24 33 7 22 28 26 4 6 29 14 15 11 8 18 19 16 30 13 21 31 20 10 12 17 34 25 5 32 2 9 35
33
1 2 29 4 5 6 7 15 9 10 11 31 13 14 3 16 27 18 19 12 21 22 23 24 25 26 17 28 20 8 30 32 33
37
1 33 3 4 5 6 7 36 9 10 11 12 13 14 15 24 17 18 19 20 21 22 23 28 25 26 27 2 29 30 31 32 8 34 35 16 37
14
1 2 3 4 5 6 7 8 14 10 11 9 13 12
999
691 314 3 462 242 6 686 169 699 629 11 12 678 489 15 16 17 18 859 176 107 129 729 24 621 726 198 613 29 30 650 22 585 34 671 37 65 212 673 40 41 42 329 522 213 810 47 48 625 151 243 100 948 54 72 56 966 153 59 211 61 143 63 64 713 949 67 397 797 546 956 552 932 74 14 195 77 78 680 804 81 82 51 568 597 86 660 145 89 554 90 92 255 94 377 96 202 710 99 433 563 998 326 104 105 177 2 226 109 547 111 73 38 315 115 675 117 529 885 130 455 108 780 488 375 126 463 247 321 180 131 755 647 134 275 136 137 518 493 344 141 669 120 753 743 221 147 148 664 705 722 152 944 969 624 972 157 158 575 416 161 133 210 938 898 312 426 194 781 170 453 172 173 783 732 658 756 937 728 545 181 200 827 184 185 322 316 95 189 20 615 192 193 556 543 196 197 657 473 160 124 950 203 461 734 630 207 881 209 584 757 653 496 214 215 921 217 309 365 220 693 222 223 822 458 503 333 101 487 942 451 232 233 799 235 236 502 869 830 240 241 644 332 244 245 19 441 75 249 837 251 514 253 415 144 256 257 258 259 260 53 262 346 906 265 793 267 268 269 528 943 272 273 971 555 276 277 278 279 714 274 537 283 284 285 286 464 25 382 290 291 308 400 167 295 835 297 298 91 300 557 216 303 390 737 704 860 609 628 310 122 809 428 406 423 935 930 770 992 978 39 156 80 324 325 565 327 608 899 626 588 218 88 667 335 230 337 338 471 884 538 239 890 190 838 354 573 179 349 227 817 352 119 519 21 387 357 358 359 955 612 541 572 364 707 366 150 368 873 370 371 665 960 374 367 913 909 378 379 723 334 459 287 951 345 386 507 393 501 318 858 389 902 394 146 861 922 199 178 350 401 430 895 114 434 876 407 924 409 410 468 412 413 323 641 168 417 659 341 841 805 342 175 270 579 599 427 536 429 846 395 977 703 886 83 436 727 848 159 440 252 380 405 739 620 446 981 396 449 592 45 35 505 914 121 456 399 697 523 460 578 583 229 684 305 466 425 306 469 470 958 472 567 474 475 476 477 478 479 339 281 60 237 484 238 116 610 118 27 414 491 225 842 708 900 636 497 498 499 492 301 201 219 504 467 506 112 490 509 510 511 512 702 422 515 516 517 432 638 520 521 66 140 965 525 494 611 44 666 530 299 532 962 574 535 36 887 388 539 806 996 187 5 544 674 807 833 548 549 717 663 13 553 622 782 79 688 558 559 408 561 562 482 564 103 566 437 343 569 570 645 857 43 418 228 576 577 191 84 687 581 582 421 716 264 586 587 419 589 26 591 52 593 135 736 596 391 598 97 600 601 602 631 604 605 33 513 980 165 336 836 533 93 614 205 204 617 618 619 560 635 826 623 550 711 231 443 880 925 182 361 632 633 634 307 500 637 166 154 640 127 642 643 392 206 646 540 923 542 69 651 865 76 123 655 656 896 689 384 250 155 662 759 752 444 457 993 668 128 142 526 672 959 183 762 676 677 369 679 8 681 682 683 293 685 695 952 320 648 690 138 692 814 694 57 696 50 698 381 700 701 68 973 571 988 447 313 302 989 639 999 23 452 730 715 874 304 718 855 720 721 879 113 724 725 402 431 627 248 32 49 798 733 839 785 508 911 738 764 740 174 742 132 340 745 986 747 931 916 750 979 163 603 754 376 360 741 758 812 760 761 731 661 751 912 766 767 768 186 856 9 654 870 774 821 776 777 778 893 98 990 356 263 784 58 786 862 763 607 790 791 792 788 794 795 796 832 331 362 800 801 802 803 970 282 709 789 435 62 851 811 926 383 594 815 816 261 818 819 404 55 162 823 824 985 85 945 828 829 480 831 495 997 834 849 813 905 486 296 772 748 590 292 844 845 825 847 843 254 850 775 852 853 854 606 351 106 439 294 355 481 438 863 864 311 866 867 70 712 246 353 531 363 266 875 749 787 524 420 317 820 882 883 373 411 188 288 888 889 348 891 892 164 894 744 7 897 877 746 385 901 735 903 719 442 1 907 908 280 910 808 372 31 110 915 28 917 125 527 920 465 271 149 398 939 919 927 928 929 652 871 330 933 934 424 936 4 485 595 940 941 87 994 10 769 946 947 765 670 454 328 551 953 954 71 208 957 403 868 102 961 706 963 964 771 347 967 968 139 840 918 234 319 974 975 976 46 773 878 445 450 982 983 984 171 616 987 289 580 904 991 534 872 448 995 483 779 224 649
1000
1 2 922 152 5 21 7 8 9 10 11 245 13 14 15 16 320 958 19 576 6 22 23 24 25 879 27 28 29 945 622 646 33 691 926 36 258 38 782 40 41 109 638 44 279 301 47 48 49 931 876 52 902 54 55 555 503 58 59 60 707 722 949 64 676 658 345 68 69 70 71 72 520 74 75 76 77 78 79 80 81 82 83 84 85 86 87 88 97 90 527 92 93 94 275 96 89 222 169 100 101 373 103 104 105 106 250 930 42 110 929 420 113 114 115 486 117 118 319 154 121 122 439 381 209 126 172 412 548 614 886 132 812 134 135 136 137 842 889 140 428 208 143 144 145 146 147 148 149 150 756 4 153 120 155 323 263 784 159 160 161 217 163 164 165 166 167 787 99 170 171 127 173 174 883 823 177 178 780 180 887 202 252 844 633 186 187 640 189 538 260 192 193 194 195 196 833 230 199 200 201 182 203 673 205 271 207 142 125 824 954 212 490 214 215 216 162 221 219 220 218 98 786 643 225 334 227 228 229 198 565 232 233 234 901 652 237 302 239 240 686 242 693 856 12 868 247 248 832 107 251 183 253 254 255 256 257 37 259 191 261 262 157 264 265 266 267 268 567 280 206 272 273 274 95 276 277 278 45 270 627 282 775 600 346 286 287 695 967 730 291 292 293 294 818 296 297 891 688 862 46 238 303 304 305 306 307 308 942 310 311 312 313 895 952 316 317 318 119 17 321 322 156 711 508 423 327 328 329 330 331 332 333 226 335 336 337 338 872 340 341 342 440 731 67 285 347 560 349 350 654 352 353 354 431 928 357 975 359 360 361 590 363 364 365 366 367 368 369 370 371 372 102 374 375 665 377 636 379 380 124 382 987 384 385 386 387 388 389 789 391 392 393 394 395 396 397 398 939 400 401 402 403 404 405 406 471 408 409 410 411 128 413 858 415 544 417 418 419 112 421 422 326 424 425 426 427 141 429 456 355 432 433 434 798 623 437 438 123 343 441 442 443 444 849 732 447 620 449 450 451 613 453 454 455 430 457 458 459 460 461 462 463 464 465 966 915 468 521 470 407 472 473 474 475 476 477 478 988 506 481 482 790 484 485 116 750 488 489 213 491 492 493 767 495 496 641 498 773 831 501 502 57 504 505 480 507 325 700 965 511 512 513 514 515 516 517 518 694 73 469 522 523 524 525 526 91 586 529 530 851 860 533 534 535 536 537 190 865 574 541 542 543 416 545 797 547 129 549 556 551 748 553 554 56 550 557 558 559 348 561 562 563 564 231 566 269 769 569 570 771 572 573 540 716 20 577 578 579 621 581 582 583 584 585 528 587 588 589 362 908 592 593 594 651 596 597 816 599 284 601 791 603 604 605 606 607 608 609 924 611 612 452 130 615 616 617 618 619 448 580 31 436 624 625 626 281 628 629 630 950 632 185 634 635 378 637 43 639 188 497 642 224 934 645 32 647 648 649 964 595 236 653 351 655 718 657 66 994 660 845 662 663 907 376 666 667 668 669 670 671 970 204 674 675 65 677 678 710 680 681 682 683 684 685 241 687 299 689 690 34 692 243 519 288 696 697 698 699 509 910 702 703 704 705 706 61 708 817 679 324 843 713 916 715 575 717 656 719 720 721 62 723 724 725 726 727 728 921 290 344 446 733 734 735 736 737 738 739 740 762 742 743 744 745 746 747 552 749 487 751 752 753 754 755 151 757 758 759 760 761 741 763 764 881 766 494 768 568 859 571 772 499 774 283 776 779 778 777 179 781 39 783 158 785 223 168 788 390 483 602 792 793 794 795 796 546 435 799 800 801 802 828 804 805 806 892 808 982 810 811 133 813 814 815 598 709 295 819 820 821 822 176 210 825 826 827 803 829 830 500 249 197 834 835 836 837 838 839 840 841 138 712 184 661 846 847 848 445 850 531 995 853 990 943 244 857 414 770 532 861 300 863 864 539 866 867 246 869 870 871 339 873 874 875 51 877 878 26 880 765 882 175 884 885 131 181 923 139 890 298 807 893 894 314 896 897 898 899 900 235 53 903 904 905 906 664 591 909 701 911 912 913 914 467 714 948 918 919 920 729 3 888 610 925 35 927 356 111 108 50 932 933 644 935 936 937 938 399 940 941 309 855 944 30 946 947 917 63 631 951 315 953 211 955 956 957 18 959 960 961 962 963 650 510 466 289 968 969 672 971 972 973 974 358 976 977 978 979 999 981 809 983 984 985 986 383 479 989 854 991 992 993 659 852 996 997 998 980 1000
1000
31 977 972 540 123 6 7 755 9 549 992 12 13 29 15 16 17 175 19 20 21 22 23 24 25 26 27 732 14 778 1 32 33 34 685 36 37 530 39 225 238 42 43 713 195 46 47 48 49 50 51 52 53 923 55 56 629 613 59 60 61 136 63 64 65 367 927 68 69 70 282 72 73 74 683 632 77 78 79 80 829 851 83 84 85 454 87 88 89 90 91 583 93 94 95 96 460 751 681 256 101 102 103 104 720 106 107 108 109 110 111 708 113 114 115 116 350 118 855 120 121 122 5 285 125 126 127 128 499 130 131 132 133 231 730 62 388 221 139 408 141 599 143 144 145 146 147 148 149 503 151 152 153 154 261 163 157 158 227 856 161 162 156 164 165 166 167 168 169 948 171 415 173 435 18 176 177 887 179 301 181 182 183 184 185 186 187 498 189 190 191 381 193 194 45 615 831 198 898 297 201 202 677 204 205 206 207 208 209 210 211 212 213 214 215 216 217 218 219 220 138 222 223 995 40 226 159 228 229 230 134 232 914 709 235 236 252 41 667 240 547 242 243 270 245 246 247 486 249 466 251 237 312 265 919 100 257 258 259 260 155 262 263 264 254 578 267 978 269 244 774 272 302 274 275 276 277 787 279 280 281 71 283 284 124 286 714 288 289 349 291 292 293 294 965 296 200 298 939 590 180 273 303 304 305 306 409 806 309 310 643 253 465 314 315 316 317 318 319 320 321 607 323 324 325 326 327 328 329 330 331 332 333 906 559 336 557 401 496 950 341 342 463 344 345 346 347 348 290 117 592 702 353 354 355 356 610 358 359 360 512 362 363 900 365 366 66 368 369 808 371 372 373 374 375 376 377 378 379 380 192 382 383 384 385 386 387 137 624 390 391 392 393 765 395 396 397 398 399 400 338 402 403 404 405 531 407 140 307 410 411 412 413 414 172 416 782 717 419 420 807 422 423 918 425 426 427 428 429 430 569 432 433 434 174 1000 437 438 439 440 441 442 443 444 445 446 447 448 449 450 451 452 453 86 455 456 457 458 459 97 724 462 343 464 313 250 467 468 469 470 471 472 473 474 475 476 477 478 479 480 481 832 483 484 485 248 487 488 489 618 491 492 580 494 495 339 497 188 129 500 501 506 150 504 505 502 507 508 987 827 511 361 513 695 515 516 789 933 878 520 521 522 830 524 525 526 527 528 529 38 406 532 533 534 535 581 537 711 539 4 541 542 899 544 545 546 241 548 10 814 551 552 553 554 820 556 337 558 335 560 561 623 563 564 565 566 567 568 431 570 631 572 638 574 575 576 577 266 579 493 536 753 92 584 585 586 587 588 589 300 800 351 593 594 595 596 597 598 142 600 601 602 603 604 605 944 322 608 609 357 611 612 58 614 196 616 981 490 893 620 621 622 562 389 625 849 627 628 57 630 571 76 648 634 635 947 866 573 639 640 641 926 311 644 645 646 647 633 649 650 651 652 951 654 655 656 657 658 659 660 661 662 663 664 665 666 239 668 669 670 671 672 673 688 675 676 203 678 784 680 99 689 75 760 35 871 687 674 682 690 691 692 693 694 514 696 697 698 786 700 701 352 703 901 705 922 707 112 234 738 538 712 44 287 715 843 418 757 719 105 721 722 723 461 725 726 727 728 729 135 731 28 733 734 735 736 823 710 739 740 956 742 889 744 745 746 747 748 792 750 98 963 582 754 8 756 718 758 759 684 761 869 763 764 394 766 767 768 769 770 771 772 773 271 775 776 897 30 779 780 781 417 783 679 785 699 278 788 517 790 791 749 793 794 795 796 797 798 799 591 801 802 803 804 805 308 421 370 809 811 810 812 813 550 815 816 826 818 819 555 821 822 737 824 825 817 510 828 81 523 197 482 833 834 835 836 837 876 908 840 841 842 716 844 845 846 847 848 626 850 82 852 853 854 119 160 857 858 859 860 861 862 863 864 865 637 867 868 762 870 686 872 873 874 875 838 877 519 879 880 881 882 883 884 885 886 178 888 743 890 945 892 619 894 895 896 777 199 543 364 704 902 903 904 905 334 907 839 909 910 911 912 913 233 915 916 917 424 255 920 921 706 54 924 925 642 67 928 929 930 931 932 518 934 935 936 937 938 299 940 941 942 943 606 891 946 636 170 949 340 653 952 953 954 955 741 957 958 959 960 961 962 752 964 295 966 967 968 969 970 971 3 973 974 975 976 2 268 979 980 617 982 983 984 985 986 509 988 989 990 991 11 993 994 224 996 997 998 999 436
13
7 2 3 13 12 6 11 8 9 4 10 1 5
998
234 361 222 503 572 650 948 221 227 664 231 287 408 787 166 872 633 282 412 470 537 468 21 422 174 90 151 702 67 670 237 144 555 7 298 283 58 906 94 77 368 267 649 966 939 418 973 754 213 230 979 300 940 580 228 763 861 667 757 12 597 289 299 520 491 517 165 524 562 723 401 164 560 206 510 502 823 639 908 764 400 73 403 626 350 17 156 509 657 315 777 399 233 675 261 705 913 286 72 476 220 390 974 281 371 338 367 392 533 436 415 767 784 184 492 253 387 110 587 359 145 627 214 617 923 41 890 816 208 312 927 3 803 420 998 844 548 102 495 761 818 143 344 641 445 160 56 961 472 822 842 496 534 397 779 891 181 574 543 727 178 347 291 514 433 458 817 130 69 376 608 681 141 330 379 622 20 904 946 788 473 857 900 114 538 507 835 897 81 117 910 175 429 858 303 475 887 254 610 938 883 774 710 258 54 466 594 559 121 489 540 176 270 486 932 225 16 978 343 968 690 370 180 80 147 271 182 747 918 91 595 796 731 752 519 191 235 824 217 314 820 139 501 755 260 416 661 912 624 699 386 152 740 187 216 934 275 256 724 630 108 101 531 762 49 28 34 244 553 914 765 171 992 27 751 352 614 735 836 276 769 893 772 855 26 24 313 516 776 360 963 210 37 456 808 977 207 925 701 196 741 39 163 154 691 576 958 483 655 417 131 957 467 477 834 82 995 581 850 604 341 874 567 122 32 819 329 778 852 311 453 243 862 306 100 107 124 310 161 663 332 557 831 293 771 682 684 811 201 864 337 967 848 427 586 135 616 128 465 902 719 31 750 859 223 672 109 972 479 920 637 294 434 546 272 326 38 83 157 930 266 629 459 35 116 600 721 832 302 463 697 970 685 623 589 869 564 634 405 566 70 917 570 770 678 737 698 351 798 305 605 694 692 742 689 919 551 441 726 394 209 18 6 518 232 976 878 853 63 739 745 933 169 525 384 839 964 530 142 316 125 743 442 669 554 87 982 323 728 402 866 568 884 115 814 797 716 993 607 248 734 671 173 591 185 159 825 103 449 794 15 383 653 582 317 994 432 487 435 704 372 984 601 758 74 528 127 573 362 462 703 962 189 578 896 780 921 247 813 911 89 443 120 810 9 522 795 354 529 75 535 845 651 590 251 57 419 280 863 843 800 377 646 224 119 22 847 603 71 474 242 426 505 748 738 381 886 461 838 284 373 606 949 975 364 431 901 199 658 807 953 620 391 240 4 867 146 219 44 513 158 792 257 668 93 856 150 133 288 263 200 611 334 621 877 269 980 876 602 687 781 768 828 488 336 729 111 990 790 935 924 660 47 153 246 471 498 8 829 382 879 446 785 744 943 711 134 571 700 679 61 36 357 955 482 895 523 830 183 375 714 53 674 490 676 804 148 945 438 903 423 424 947 941 628 680 880 837 105 662 821 506 618 635 179 464 480 66 51 265 512 55 799 84 366 583 708 636 865 960 170 10 766 97 598 342 775 136 11 78 642 340 547 262 725 892 815 454 374 812 569 365 13 226 295 328 324 346 137 285 556 273 841 304 278 802 677 613 575 833 5 138 565 45 322 645 430 268 916 786 499 484 236 826 65 544 873 59 952 455 385 307 106 789 991 274 396 245 500 732 885 854 511 558 989 448 309 363 647 683 478 353 951 954 198 753 929 409 380 504 327 40 840 541 508 42 928 656 536 585 986 249 140 889 801 926 195 197 259 881 1 756 715 659 706 545 793 722 321 922 712 155 212 791 959 25 875 410 348 296 277 292 693 325 76 666 355 239 369 485 50 331 451 447 43 98 552 345 113 809 279 290 981 238 339 14 846 971 549 695 915 648 129 68 333 349 318 48 665 33 358 640 860 730 733 411 561 931 395 609 92 868 759 527 746 584 406 126 255 203 987 956 388 193 688 521 460 644 760 871 168 937 539 457 652 718 60 167 673 85 46 965 969 515 30 894 188 378 749 736 19 425 942 782 550 215 389 319 592 62 542 827 806 252 997 905 356 190 988 631 612 450 888 99 95 250 588 481 428 849 596 439 96 211 413 851 907 497 162 625 2 335 870 882 440 577 437 493 615 172 308 132 123 64 88 112 205 619 532 593 805 696 301 177 985 950 192 707 204 654 320 414 23 944 713 983 599 52 720 494 898 393 79 241 444 407 229 936 297 398 118 218 264 202 194 421 29 579 996 526 643 709 86 563 686 469 783 632 899 452 773 717 638 149 186 104 404 909
29
29 17 22 3 28 27 7 25 16 15 14 23 5 10 18 20 11 12 26 21 24 19 9 2 8 1 6 4 13
999
142 604 694 279 751 248 522 558 218 869 376 101 647 543 308 486 417 719 469 48 623 528 510 574 331 833 757 262 768 858 852 491 890 256 421 563 337 860 371 36 377 176 103 653 129 874 295 453 513 132 432 926 74 935 220 808 593 40 397 687 735 200 122 224 542 708 212 81 525 32 68 978 848 112 261 239 881 894 540 781 23 456 624 433 71 110 63 838 249 415 59 299 418 529 625 678 812 667 672 405 603 91 564 201 592 585 145 105 328 185 788 471 293 809 429 406 810 689 514 797 167 487 698 404 463 908 718 572 476 541 271 138 837 316 178 216 784 398 904 531 674 27 431 156 824 818 783 341 411 483 765 879 169 141 153 577 12 677 298 182 760 284 345 859 125 410 152 300 671 656 245 795 639 490 253 906 909 569 473 292 179 120 771 172 661 219 242 338 961 162 296 676 949 951 882 885 974 697 870 618 638 93 567 276 740 213 247 498 551 61 849 29 282 861 430 568 895 454 929 659 439 164 688 980 987 204 997 395 800 114 897 973 707 975 602 645 916 855 648 412 748 828 222 89 364 728 775 113 423 67 953 334 821 134 392 627 652 637 77 370 573 323 891 215 850 846 892 988 749 57 799 205 64 424 324 947 829 700 642 372 448 320 226 351 78 161 844 311 601 733 999 902 484 175 458 221 507 717 246 703 360 640 654 941 362 940 621 956 229 923 536 921 4 192 355 250 136 44 72 690 139 203 616 842 946 191 710 367 962 208 769 373 489 264 76 96 993 95 820 562 512 774 198 503 655 693 437 518 868 202 779 128 322 307 83 684 62 932 60 628 26 388 20 267 151 977 479 149 780 600 888 924 273 986 450 268 325 349 505 290 286 158 425 58 960 368 189 266 939 193 148 25 839 124 612 111 803 494 663 165 45 468 913 336 146 666 309 401 380 13 692 933 108 893 521 115 762 649 354 834 646 314 919 552 181 506 472 607 927 53 792 445 588 387 414 785 615 819 699 584 409 441 87 527 84 177 107 42 685 389 154 7 520 591 526 727 243 899 499 559 739 47 347 24 407 5 255 560 157 353 481 283 50 232 865 168 313 303 695 557 804 532 422 954 400 310 853 413 550 841 548 611 802 51 724 28 291 880 187 665 566 11 712 928 31 967 555 883 914 517 605 357 782 265 826 98 966 19 918 840 620 741 195 144 460 985 796 581 670 465 455 681 3 30 990 626 942 369 668 553 46 350 917 856 763 75 811 147 34 633 575 969 631 736 530 402 753 171 302 805 610 599 822 579 186 86 16 725 475 915 106 825 734 382 832 502 629 786 777 258 225 608 274 427 135 508 729 238 121 759 403 270 898 488 326 556 773 847 889 496 937 130 435 118 636 92 968 791 234 378 342 287 374 217 789 545 285 289 761 750 420 738 294 365 485 632 230 680 163 823 747 459 278 340 813 752 116 305 807 452 277 831 713 474 109 501 317 56 252 511 94 657 867 766 606 938 444 983 991 723 210 85 580 957 845 223 544 464 912 97 896 352 701 272 523 35 955 651 312 516 462 696 119 73 958 343 281 886 227 873 478 679 492 989 981 619 440 170 133 197 180 920 590 509 970 318 758 102 123 971 816 836 706 257 755 630 716 622 609 244 428 384 408 770 533 335 504 721 743 260 259 995 495 236 82 872 199 233 597 482 767 21 209 104 391 143 854 280 442 174 790 538 438 70 778 644 673 321 333 959 1 329 998 598 570 583 864 379 744 669 386 393 746 715 443 662 539 901 196 375 554 742 190 117 578 55 315 54 979 150 127 537 546 862 470 756 903 275 815 446 100 772 709 327 37 363 950 33 576 240 519 731 358 948 972 936 675 952 683 524 131 982 801 614 9 866 251 635 787 207 806 857 88 15 594 884 925 561 907 794 843 385 214 396 383 235 436 730 931 194 830 10 160 18 722 922 416 304 589 399 211 99 137 686 565 664 22 449 934 65 359 38 297 447 241 394 188 69 535 571 17 911 183 549 944 269 361 6 466 930 66 851 875 166 547 344 900 817 301 754 764 339 348 515 493 184 682 992 798 346 457 231 827 984 658 330 263 356 726 613 8 965 702 306 582 711 41 887 2 426 206 691 876 155 705 641 237 714 254 737 332 49 80 319 660 863 586 140 90 534 943 480 461 595 878 467 964 871 288 587 159 814 79 617 634 497 945 126 776 14 500 835 366 976 39 381 477 419 994 228 745 963 910 390 650 43 996 793 451 434 704 732 905 596 720 52 877 643 173
999
1 2 3 4 5 6 7 8 9 10 11 12 13 14 15 16 17 18 19 20 21 22 23 24 25 26 27 28 29 30 31 32 33 34 35 36 37 38 39 40 41 42 43 44 45 46 47 48 49 50 51 52 53 54 55 56 57 58 59 60 61 62 63 64 65 66 67 68 69 70 71 72 73 74 75 76 77 78 79 80 81 82 83 84 85 86 87 88 89 90 91 92 93 94 95 96 97 98 99 100 101 102 103 104 105 106 107 108 109 110 111 112 113 114 115 116 117 118 119 120 121 122 123 124 125 126 127 128 129 130 131 132 133 134 135 136 137 138 139 140 141 142 143 144 145 146 147 148 149 150 151 152 153 154 155 156 157 158 159 160 161 162 163 164 165 166 167 168 169 170 171 172 173 174 175 176 177 178 179 180 181 182 183 184 185 186 187 188 189 190 191 192 193 194 195 196 197 198 199 200 201 202 203 204 205 206 207 208 209 210 211 212 213 214 215 216 217 218 219 220 221 222 223 224 225 226 227 228 229 230 231 232 233 234 235 236 237 238 239 240 241 242 243 244 245 246 247 248 249 250 251 252 253 254 255 256 257 258 259 260 261 262 263 264 265 266 267 268 269 270 271 272 273 274 275 276 277 278 279 280 281 282 283 284 285 286 287 288 289 290 291 292 293 294 295 296 297 298 299 300 301 302 303 304 305 306 307 308 309 310 311 312 313 314 315 316 317 318 319 320 321 322 323 324 325 326 327 328 329 330 331 332 333 334 335 336 337 338 339 340 341 342 343 344 345 346 347 348 349 350 351 352 353 354 355 356 357 358 359 360 361 362 363 364 365 366 367 368 369 370 371 372 373 374 375 376 377 378 379 380 381 382 383 384 385 386 387 388 389 390 391 392 393 394 395 396 397 398 399 400 401 402 403 404 405 406 407 408 409 410 411 412 413 414 415 416 417 418 419 420 421 422 423 424 425 426 427 428 429 430 431 432 433 434 435 436 437 438 439 440 441 442 443 444 445 446 447 448 449 450 451 452 453 454 455 456 457 458 459 460 461 462 463 464 465 466 467 468 469 470 471 472 473 474 475 476 477 478 479 480 481 482 483 484 485 486 487 488 489 490 491 492 493 494 495 496 497 498 499 500 501 502 503 504 505 506 507 508 509 510 511 512 513 514 515 516 517 518 519 520 521 522 523 524 525 526 527 528 529 530 531 532 533 534 535 536 537 538 539 540 541 542 543 544 545 546 547 548 549 550 551 552 553 554 555 556 557 558 559 560 561 562 563 564 565 566 567 568 569 570 571 572 573 574 575 576 577 578 579 580 581 582 583 584 585 586 587 588 589 590 591 592 593 594 595 596 597 598 599 600 601 602 603 604 605 606 607 608 609 610 611 612 613 614 615 616 617 618 619 620 621 622 623 624 625 626 627 628 629 630 631 632 633 634 635 636 637 638 639 640 641 642 643 644 645 646 647 648 649 650 651 652 653 654 655 656 657 658 659 660 661 662 663 664 665 666 667 668 669 670 671 672 673 674 675 676 677 678 679 680 681 682 683 684 685 686 687 688 689 690 691 692 693 694 695 696 697 698 699 700 701 702 703 704 705 706 707 708 709 710 711 712 713 714 715 716 717 718 719 720 721 722 723 724 725 726 727 728 729 730 731 732 733 734 735 736 737 738 739 740 741 742 743 744 745 746 747 748 749 750 751 752 753 754 755 756 757 758 759 760 761 762 763 764 765 766 767 768 769 770 771 772 773 774 775 776 777 778 779 780 781 782 783 784 785 786 787 788 789 790 791 792 793 794 795 796 797 798 799 800 801 802 803 804 805 806 807 808 809 810 811 812 813 814 815 816 817 818 819 820 821 822 823 824 825 826 827 828 829 830 831 832 833 834 835 836 837 838 839 840 841 842 843 844 845 846 847 848 849 850 851 852 853 854 855 856 857 858 859 860 861 862 863 864 865 866 867 868 869 870 871 872 873 874 875 876 877 878 879 880 881 882 883 884 885 886 887 888 889 890 891 892 893 894 895 896 897 898 899 900 901 902 903 904 905 906 907 908 909 910 911 912 913 914 915 916 917 918 919 920 921 922 923 924 925 926 927 928 929 930 931 932 933 934 935 936 937 938 939 940 941 942 943 944 945 946 947 948 949 950 951 952 953 954 955 956 957 958 959 960 961 962 963 964 965 966 967 968 969 970 971 972 973 974 975 976 977 978 979 980 981 982 983 984 985 986 987 988 989 990 991 992 993 994 995 996 997 998 999
2
2 1
25
12 23 20 7 22 1 21 6 9 15 10 25 14 18 4 16 17 11 19 8 5 3 24 2 13
36
1 29 3 15 5 7 9 33 10 16 6 12 13 27 26 2 17 18 19 20 8 22 25 24 28 21 11 35 4 32 31 30 36 34 14 23
997
1 2 3 4 5 6 7 8 9 10 11 12 13 14 15 16 17 18 19 20 21 22 23 24 25 26 27 28 29 30 31 32 33 34 35 36 37 38 39 40 41 42 43 44 45 46 47 48 49 50 51 52 53 54 55 56 57 58 59 60 61 62 63 64 65 66 67 68 69 70 71 72 73 74 75 76 77 78 79 80 81 82 83 84 85 86 87 88 89 90 91 92 93 94 95 96 97 98 99 100 101 102 103 104 105 106 107 108 109 110 111 112 113 114 115 116 117 118 119 120 121 122 123 124 125 126 127 128 129 130 131 132 133 134 135 136 137 138 139 140 141 142 143 144 145 146 147 148 149 150 151 152 153 154 155 156 157 158 159 160 161 162 163 164 165 166 167 168 169 170 171 172 173 174 175 176 177 178 179 180 181 182 183 184 185 186 187 188 189 190 191 192 193 194 195 196 197 198 199 200 201 202 203 204 205 206 207 208 209 210 211 212 213 214 215 216 217 218 219 220 221 222 223 224 225 226 227 228 229 230 231 232 233 234 235 236 237 238 239 240 241 242 243 244 245 246 247 248 249 250 251 252 253 254 255 256 257 258 259 260 261 262 263 264 265 266 267 268 269 270 271 272 273 274 275 276 277 278 279 280 281 282 283 284 285 286 287 288 289 290 291 292 293 294 295 296 297 298 299 300 301 302 303 304 305 306 307 308 309 310 311 312 313 314 315 316 317 318 319 320 321 322 323 324 325 326 327 328 329 330 331 332 333 334 335 336 337 338 339 340 341 342 343 344 345 346 347 348 349 350 351 352 353 354 355 356 357 358 359 360 361 362 363 364 365 366 367 368 369 370 371 372 373 374 375 376 377 378 379 380 381 382 383 384 385 386 387 388 389 390 391 392 393 394 395 396 397 398 399 400 401 402 403 404 405 406 407 408 409 410 411 412 413 414 415 416 417 418 419 420 421 422 423 424 425 426 427 428 429 430 431 432 433 434 435 436 437 438 439 440 441 442 443 444 445 446 447 448 449 450 451 452 453 454 455 456 457 458 459 460 461 462 463 464 465 466 467 468 469 470 471 472 473 474 475 476 477 478 479 480 481 482 483 484 485 486 487 488 489 490 491 492 493 494 495 496 497 498 499 500 501 502 503 504 505 506 507 508 509 510 511 512 513 514 515 516 517 518 519 520 521 522 523 524 525 526 527 528 529 530 531 532 533 534 535 536 537 538 539 540 541 542 543 544 545 546 547 548 549 550 551 552 553 554 555 556 557 558 559 560 561 562 563 564 565 566 567 568 569 570 571 572 573 574 575 576 577 578 579 580 581 582 583 584 585 586 587 588 589 590 591 592 593 594 595 596 597 598 599 600 601 602 603 604 605 606 607 608 609 610 611 612 613 614 615 616 617 618 619 620 621 622 623 624 625 626 627 628 629 630 631 632 633 634 635 636 637 638 639 640 641 642 643 644 645 646 647 648 649 650 651 652 653 654 655 656 657 658 659 660 661 662 663 664 665 666 667 668 669 670 671 672 673 674 675 676 677 678 679 680 681 682 683 684 685 686 687 688 689 690 691 692 693 694 695 696 697 698 699 700 701 702 703 704 705 706 707 708 709 710 711 712 713 714 715 716 717 718 719 720 721 722 723 724 725 726 727 728 729 730 731 732 733 734 735 736 737 738 739 740 741 742 743 744 745 746 747 748 749 750 751 752 753 754 755 756 757 758 759 760 761 762 763 764 765 766 767 768 769 770 771 772 773 774 775 776 777 778 779 780 781 782 783 784 785 786 787 788 789 790 791 792 793 794 795 796 797 798 799 800 801 802 803 804 805 806 807 808 809 810 811 812 813 814 815 816 817 818 819 820 821 822 823 824 825 826 827 828 829 830 831 832 833 834 835 836 837 838 839 840 841 842 843 844 845 846 847 848 849 850 851 852 853 854 855 856 857 858 859 860 861 862 863 864 865 866 867 868 869 870 871 872 873 874 875 876 877 878 879 880 881 882 883 884 885 886 887 888 889 890 891 892 893 894 895 896 897 898 899 900 901 902 903 904 905 906 907 908 909 910 911 912 913 914 915 916 917 918 919 920 921 922 923 924 925 926 927 928 929 930 931 932 933 934 935 936 937 938 939 940 941 942 943 944 945 946 947 948 949 950 951 952 953 954 955 956 957 958 959 960 961 962 963 964 965 966 967 968 969 970 971 972 973 974 975 976 977 978 979 980 981 982 983 984 985 986 987 988 989 990 991 992 993 994 995 996 997
999
983 657 91 44 248 279 511 620 719 28 411 831 896 698 303 740 113 258 249 317 758 875 913 893 655 779 282 161 489 145 613 403 94 662 727 828 127 233 635 275 956 149 245 33 895 907 435 791 504 750 354 448 431 265 767 586 349 570 479 102 444 998 492 624 464 619 708 897 559 514 498 806 151 598 352 640 181 190 260 470 869 738 890 131 795 395 775 684 799 115 566 654 344 129 551 971 342 41 384 105 516 307 942 591 286 308 892 447 93 433 305 340 790 229 338 110 466 77 933 125 264 660 446 359 141 368 814 366 467 234 556 420 199 564 362 213 701 21 319 250 746 130 920 373 183 772 651 83 690 323 898 824 397 944 66 641 529 169 545 931 328 296 377 409 871 759 910 314 532 78 881 610 197 585 642 81 84 224 134 630 405 126 276 732 228 202 226 459 445 295 424 653 749 178 820 762 614 385 646 644 541 39 973 580 31 639 744 678 306 611 59 618 769 101 17 429 98 637 805 728 821 23 985 603 519 508 460 739 743 167 633 419 700 132 781 957 887 667 733 835 765 343 590 430 297 112 488 685 13 880 776 528 921 919 5 239 811 123 225 849 962 853 940 301 171 40 203 972 546 240 60 232 398 947 483 219 378 968 332 374 235 43 999 531 218 310 266 192 491 914 496 26 680 588 763 563 324 490 524 473 407 117 571 946 560 327 593 854 73 399 278 465 116 68 888 574 406 757 253 7 509 592 751 211 517 647 544 471 742 753 1 549 390 825 238 525 797 443 341 760 166 583 745 829 8 967 526 337 121 838 852 534 262 595 988 79 339 939 718 201 809 923 333 705 88 867 146 865 220 401 977 426 138 952 903 848 925 170 963 515 638 670 387 789 148 766 302 365 950 886 481 99 402 415 72 58 16 784 353 480 174 315 475 802 537 383 991 119 672 182 787 627 596 458 358 607 628 503 356 156 243 726 273 989 995 147 230 904 205 771 542 816 538 391 661 118 747 50 540 668 414 52 502 948 56 970 721 162 223 636 456 712 579 261 109 255 631 410 422 210 62 731 774 934 860 673 561 665 679 437 322 872 649 158 108 139 346 61 417 694 485 567 599 269 557 902 49 177 89 451 122 298 350 815 702 160 862 676 755 906 677 393 195 216 589 837 533 37 981 834 440 688 803 938 889 506 798 601 735 280 664 562 268 569 671 221 752 326 692 463 975 501 436 320 851 495 764 34 330 63 796 106 659 237 997 2 418 48 899 839 267 930 782 380 351 85 949 486 819 699 877 400 185 577 842 908 360 553 741 334 736 778 270 604 246 487 800 311 165 42 227 773 372 777 299 976 737 140 189 658 882 133 861 150 720 793 935 329 120 826 786 90 379 292 152 993 361 912 623 157 316 441 859 974 818 704 841 836 369 823 932 18 474 866 180 917 176 945 25 453 609 137 783 477 71 512 582 748 252 979 65 236 675 927 348 648 188 172 421 163 632 987 175 924 558 697 845 937 523 572 309 367 885 312 530 51 10 212 725 462 909 901 565 681 472 200 95 187 990 573 179 283 695 24 14 87 438 321 703 847 994 500 959 978 97 204 691 449 257 82 915 241 96 730 186 455 550 822 244 153 916 656 715 36 336 207 666 536 687 813 355 74 717 617 114 478 652 606 953 294 832 416 830 840 47 884 520 894 6 683 191 381 144 626 817 394 850 804 135 643 388 723 3 468 794 612 256 289 345 27 331 251 622 184 242 198 709 770 57 371 69 941 484 208 922 124 543 584 272 535 217 461 513 722 164 375 288 231 965 196 714 281 928 452 980 857 873 855 958 423 734 284 943 966 469 214 386 594 984 724 104 86 277 929 578 80 926 568 35 290 11 206 788 874 597 808 428 46 669 404 357 222 507 663 22 576 936 856 868 555 539 347 442 9 547 396 193 713 863 833 285 412 780 154 548 807 476 382 858 686 168 891 756 792 864 215 843 951 682 827 38 710 439 173 427 729 616 29 996 883 408 376 554 64 497 287 768 527 413 454 645 335 982 75 693 716 505 499 518 155 12 674 493 370 754 20 964 100 103 954 53 879 209 70 870 254 325 364 801 689 363 960 846 522 600 844 304 111 425 905 389 434 961 45 629 450 605 67 955 602 300 810 432 55 581 878 30 615 900 318 706 159 876 986 650 918 711 392 15 482 696 761 785 521 143 812 4 293 291 494 107 274 259 575 510 142 19 313 128 136 247 263 634 54 911 271 92 552 621 194 457 32 992 969 608 587 625 76 707
5
3 1 2 5 4
28
1 24 3 8 5 6 7 17 9 10 28 12 13 14 15 2 11 18 19 20 4 22 23 21 16 26 27 25
25
1 2 3 15 5 6 7 12 13 10 11 20 9 4 21 16 17 18 19 8 14 22 23 24 25
50
25 19 3 44 5 6 7 8 23 10 11 42 13 12 4 16 17 18 14 20 21 22 43 24 50 26 1 28 15 30 37 31 33 34 35 36 2 38 39 40 41 29 9 27 45 46 47 48 49 32
998
1 2 3 4 5 6 7 8 9 10 11 12 13 14 15 16 17 18 19 20 21 22 23 24 25 26 27 28 29 30 31 32 33 34 35 36 37 38 39 40 41 42 43 44 45 46 47 48 49 50 51 52 53 54 55 56 57 58 59 60 61 62 63 64 65 66 67 68 69 70 71 72 73 74 75 76 77 78 79 80 81 82 83 84 85 86 87 88 89 90 91 92 93 94 95 96 97 98 99 100 101 102 103 104 105 106 107 108 109 110 111 112 113 114 115 116 117 118 119 120 121 122 123 124 125 126 127 128 129 130 131 132 133 134 135 136 137 138 139 140 141 142 143 144 145 146 147 148 149 150 151 152 153 154 155 156 157 158 159 160 161 162 163 164 165 166 167 168 169 170 171 172 173 174 175 176 177 178 179 180 181 182 183 184 185 186 187 188 189 190 191 192 193 194 195 196 197 198 199 200 201 202 203 204 205 206 207 208 209 210 211 212 213 214 215 216 217 218 219 220 221 222 223 224 225 226 227 228 229 230 231 232 233 234 235 236 237 238 239 240 241 242 243 244 245 246 247 248 249 250 251 252 253 254 255 256 257 258 259 260 261 262 263 264 265 266 267 268 269 270 271 272 273 274 275 276 277 278 279 280 281 282 283 284 285 286 287 288 289 290 291 292 293 294 295 296 297 298 299 300 301 302 303 304 305 306 307 308 309 310 311 312 313 314 315 316 317 318 319 320 321 322 323 324 325 326 327 328 329 330 331 332 333 334 335 336 337 338 339 340 341 342 343 344 345 346 347 348 349 350 351 352 353 354 355 356 357 358 359 360 361 362 363 364 365 366 367 368 369 370 371 372 373 374 375 376 377 378 379 380 381 382 383 384 385 386 387 388 389 390 391 392 393 394 395 396 397 398 399 400 401 402 403 404 405 406 407 408 409 410 411 412 413 414 415 416 417 418 419 420 421 422 423 424 425 426 427 428 429 430 431 432 433 434 435 436 437 438 439 440 441 442 443 444 445 446 447 448 449 450 451 452 453 454 455 456 457 458 459 460 461 462 463 464 465 466 467 468 469 470 471 472 473 474 475 476 477 478 479 480 481 482 483 484 485 486 487 488 489 490 491 492 493 494 495 496 497 498 499 500 501 502 503 504 505 506 507 508 509 510 511 512 513 514 515 516 517 518 519 520 521 522 523 524 525 526 527 528 529 530 531 532 533 534 535 536 537 538 539 540 541 542 543 544 545 546 547 548 549 550 551 552 553 554 555 556 557 558 559 560 561 562 563 564 565 566 567 568 569 570 571 572 573 574 575 576 577 578 579 580 581 582 583 584 585 586 587 588 589 590 591 592 593 594 595 596 597 598 599 600 601 602 603 604 605 606 607 608 609 610 611 612 613 614 615 616 617 618 619 620 621 622 623 624 625 626 627 628 629 630 631 632 633 634 635 636 637 638 639 640 641 642 643 644 645 646 647 648 649 650 651 652 653 654 655 656 657 658 659 660 661 662 663 664 665 666 667 668 669 670 671 672 673 674 675 676 677 678 679 680 681 682 683 684 685 686 687 688 689 690 691 692 693 694 695 696 697 698 699 700 701 702 703 704 705 706 707 708 709 710 711 712 713 714 715 716 717 718 719 720 721 722 723 724 725 726 727 728 729 730 731 732 733 734 735 736 737 738 739 740 741 742 743 744 745 746 747 748 749 750 751 752 753 754 755 756 757 758 759 760 761 762 763 764 765 766 767 768 769 770 771 772 773 774 775 776 777 778 779 780 781 782 783 784 785 786 787 788 789 790 791 792 793 794 795 796 797 798 799 800 801 802 803 804 805 806 807 808 809 810 811 812 813 814 815 816 817 818 819 820 821 822 823 824 825 826 827 828 829 830 831 832 833 834 835 836 837 838 839 840 841 842 843 844 845 846 847 848 849 850 851 852 853 854 855 856 857 858 859 860 861 862 863 864 865 866 867 868 869 870 871 872 873 874 875 876 877 878 879 880 881 882 883 884 885 886 887 888 889 890 891 892 893 894 895 896 897 898 899 900 901 902 903 904 905 906 907 908 909 910 911 912 913 914 915 916 917 918 919 920 921 922 923 924 925 926 927 928 929 930 931 932 933 934 935 936 937 938 939 940 941 942 943 944 945 946 947 948 949 950 951 952 953 954 955 956 957 958 959 960 961 962 963 964 965 966 967 968 969 970 971 972 973 974 975 976 977 978 979 980 981 982 983 984 985 986 987 988 989 990 991 992 993 994 995 996 997 998
38
1 13 3 8 5 2 7 35 32 20 11 12 37 14 15 10 18 27 34 6 21 22 26 17 25 24 33 36 29 30 23 9 4 16 31 19 28 38
1000
1 2 3 4 5 6 7 8 9 10 11 12 13 14 15 16 17 18 19 20 21 22 23 24 25 26 27 28 29 30 31 32 33 34 35 36 37 38 39 40 41 42 43 44 45 46 47 48 49 50 51 52 53 54 55 56 57 58 59 60 61 62 63 64 65 66 67 68 69 70 71 72 73 74 75 76 77 78 79 80 81 82 83 84 85 86 87 88 89 90 91 92 93 94 95 96 97 98 99 100 101 102 103 104 105 106 107 108 109 110 111 112 113 114 115 116 117 118 119 120 121 122 123 124 125 126 127 128 129 130 131 132 133 134 135 136 137 138 139 140 141 142 143 144 145 146 147 148 149 150 151 152 153 154 155 156 157 158 159 160 161 162 163 164 165 166 167 168 169 170 171 172 173 174 175 176 177 178 179 180 181 182 183 184 185 186 187 188 189 190 191 192 193 194 195 196 197 198 199 200 201 202 203 204 205 206 207 208 209 210 211 212 213 214 215 216 217 218 219 220 221 222 223 224 225 226 227 228 229 230 231 232 233 234 235 236 237 238 239 240 241 242 243 244 245 246 247 248 249 250 251 252 253 254 255 256 257 258 259 260 261 262 263 264 265 266 267 268 269 270 271 272 273 274 275 276 277 278 279 280 281 282 283 284 285 286 287 288 289 290 291 292 293 294 295 296 297 298 299 300 301 302 303 304 305 306 307 308 309 310 311 312 313 314 315 316 317 318 319 320 321 322 323 324 325 326 327 328 329 330 331 332 333 334 335 336 337 338 339 340 341 342 343 344 345 346 347 348 349 350 351 352 353 354 355 356 357 358 359 360 361 362 363 364 365 366 367 368 369 370 371 372 373 374 375 376 377 378 379 380 381 382 383 384 385 386 387 388 389 390 391 392 393 394 395 396 397 398 399 400 401 402 403 404 405 406 407 408 409 410 411 412 413 414 415 416 417 418 419 420 421 422 423 424 425 426 427 428 429 430 431 432 433 434 435 436 437 438 439 440 441 442 443 444 445 446 447 448 449 450 451 452 453 454 455 456 457 458 459 460 461 462 463 464 465 466 467 468 469 470 471 472 473 474 475 476 477 478 479 480 481 482 483 484 485 486 487 488 489 490 491 492 493 494 495 496 497 498 499 500 501 502 503 504 505 506 507 508 509 510 511 512 513 514 515 516 517 518 519 520 521 522 523 524 525 526 527 528 529 530 531 532 533 534 535 536 537 538 539 540 541 542 543 544 545 546 547 548 549 550 551 552 553 554 555 556 557 558 559 560 561 562 563 564 565 566 567 568 569 570 571 572 573 574 575 576 577 578 579 580 581 582 583 584 585 586 587 588 589 590 591 592 593 594 595 596 597 598 599 600 601 602 603 604 605 606 607 608 609 610 611 612 613 614 615 616 617 618 619 620 621 622 623 624 625 626 627 628 629 630 631 632 633 634 635 636 637 638 639 640 641 642 643 644 645 646 647 648 649 650 651 652 653 654 655 656 657 658 659 660 661 662 663 664 665 666 667 668 669 670 671 672 673 674 675 676 677 678 679 680 681 682 683 684 685 686 687 688 689 690 691 692 693 694 695 696 697 698 699 700 701 702 703 704 705 706 707 708 709 710 711 712 713 714 715 716 717 718 719 720 721 722 723 724 725 726 727 728 729 730 731 732 733 734 735 736 737 738 739 740 741 742 743 744 745 746 747 748 749 750 751 752 753 754 755 756 757 758 759 760 761 762 763 764 765 766 767 768 769 770 771 772 773 774 775 776 777 778 779 780 781 782 783 784 785 786 787 788 789 790 791 792 793 794 795 796 797 798 799 800 801 802 803 804 805 806 807 808 809 810 811 812 813 814 815 816 817 818 819 820 821 822 823 824 825 826 827 828 829 830 831 832 833 834 835 836 837 838 839 840 841 842 843 844 845 846 847 848 849 850 851 852 853 854 855 856 857 858 859 860 861 862 863 864 865 866 867 868 869 870 871 872 873 874 875 876 877 878 879 880 881 882 883 884 885 886 887 888 889 890 891 892 893 894 895 896 897 898 899 900 901 902 903 904 905 906 907 908 909 910 911 912 913 914 915 916 917 918 919 920 921 922 923 924 925 926 927 928 929 930 931 932 933 934 935 936 937 938 939 940 941 942 943 944 945 946 947 948 949 950 951 952 953 954 955 956 957 958 959 960 961 962 963 964 965 966 967 968 969 970 971 972 973 974 975 976 977 978 979 980 981 982 983 984 985 986 987 988 989 990 991 992 993 994 995 996 997 998 999 1000
48
1 2 3 4 5 6 7 8 9 10 11 12 13 14 15 16 17 20 19 18 21 22 23 24 25 26 27 28 29 30 31 32 33 34 35 36 37 38 39 40 41 42 43 44 45 46 47 48
19
3 2 17 19 5 6 18 1 9 15 14 13 10 16 12 11 7 4 8
998
698 638 508 639 326 685 255 262 845 851 281 971 308 617 16 15 342 490 120 139 427 683 653 215 173 56 233 283 418 716 803 682 193 489 875 321 553 104 946 447 245 748 661 628 532 515 415 416 353 457 733 487 505 712 436 26 920 583 908 702 928 279 836 540 686 577 228 145 160 954 592 158 544 788 80 493 364 747 780 75 658 387 451 165 752 841 294 335 569 116 719 225 230 293 878 465 555 547 835 252 459 377 956 38 133 723 154 634 318 331 232 386 636 889 570 90 426 350 652 19 884 400 138 565 231 635 301 186 619 229 152 208 105 207 975 679 442 123 20 497 957 434 887 766 68 182 606 472 357 907 282 131 913 107 362 356 398 72 333 69 171 324 807 351 84 783 382 882 482 991 161 958 25 468 994 267 591 516 593 409 499 146 782 794 407 128 523 826 936 394 695 642 33 476 590 381 786 249 259 285 327 411 909 833 694 348 134 132 265 414 767 646 743 740 24 445 280 437 776 802 379 655 855 603 92 330 616 67 130 93 125 111 27 651 631 764 693 839 843 599 967 998 311 644 41 552 365 561 198 832 492 100 916 289 7 900 424 816 199 298 785 8 988 886 209 921 176 865 690 525 758 897 630 970 551 982 941 443 62 217 11 151 28 949 200 895 573 925 254 666 574 750 94 87 996 701 349 260 425 624 127 864 526 675 399 798 502 13 647 461 243 366 742 376 632 456 711 109 673 769 36 883 395 162 926 5 201 827 773 226 110 912 159 706 88 862 588 736 779 756 640 17 731 545 923 914 595 206 297 118 164 446 49 879 481 156 149 697 771 662 589 155 537 77 247 312 952 927 955 477 576 704 781 657 629 314 102 517 221 791 196 167 930 413 483 112 82 793 554 687 601 866 858 190 323 896 942 157 305 122 904 484 464 432 760 809 185 848 180 542 202 648 384 210 47 48 500 29 880 548 854 667 453 257 299 117 21 471 454 745 765 404 919 142 915 55 218 463 821 973 724 137 278 984 216 352 40 979 643 849 83 846 423 429 607 316 50 787 101 934 310 722 438 403 96 770 932 174 774 938 428 148 550 789 905 194 370 754 976 649 355 169 385 402 808 678 52 811 34 18 610 251 76 672 514 951 140 582 181 417 696 307 829 578 53 564 665 3 562 691 853 961 615 495 46 178 378 819 962 717 688 815 187 543 270 303 838 931 810 812 538 45 626 840 986 965 363 531 604 64 910 410 524 73 344 974 98 420 587 473 275 246 37 389 97 885 963 995 637 935 248 509 993 506 124 978 813 842 89 115 600 792 287 291 670 371 66 504 660 680 881 498 58 831 625 959 549 337 361 195 177 71 179 828 347 933 650 732 240 571 391 728 224 539 806 147 455 663 847 491 718 948 715 857 513 227 14 892 129 772 735 824 753 300 585 533 641 44 375 273 235 315 859 108 126 113 559 2 4 341 627 192 449 244 800 212 309 412 480 597 234 119 23 713 222 922 374 81 804 579 43 360 608 822 507 290 422 990 741 575 730 494 319 746 304 893 876 486 136 580 801 32 22 911 6 65 390 521 820 269 510 870 237 205 191 501 358 1 844 744 296 60 755 372 888 334 817 775 943 856 317 54 654 987 613 30 520 611 91 980 939 462 106 441 981 737 972 602 818 671 343 598 51 874 621 338 726 950 873 214 669 313 213 700 430 674 78 42 997 292 944 85 623 478 703 340 898 271 761 405 759 852 992 236 431 144 211 902 320 466 359 620 329 469 708 219 837 867 339 79 373 183 166 969 261 197 458 74 474 901 380 572 388 184 924 989 917 306 860 645 681 220 31 659 929 605 163 485 406 529 488 530 567 968 522 258 707 729 518 689 439 664 918 622 894 188 328 594 503 899 584 250 204 964 99 63 777 527 238 534 86 568 239 699 9 452 609 408 450 947 10 762 511 421 223 710 614 393 633 799 871 336 945 302 268 392 778 983 872 692 861 869 739 734 35 677 960 95 354 419 581 168 322 121 556 264 143 705 114 977 966 618 676 825 286 396 272 757 830 256 790 768 906 401 475 903 150 59 203 541 684 332 153 346 435 253 797 823 433 57 266 656 345 795 288 325 368 61 805 383 528 467 596 460 560 189 940 470 721 937 277 397 709 751 863 39 850 612 284 738 496 367 985 70 369 103 141 172 586 877 512 519 557 834 536 891 241 814 784 274 12 727 440 546 135 479 890 566 448 720 725 276 868 444 953 535 714 263 796 668 170 763 563 175 558 295 749 242
27
1 10 6 9 19 18 7 13 2 3 11 17 5 27 15 16 21 12 4 20 8 22 23 24 25 14 26
998
80 916 543 741 43 830 465 417 178 123 300 698 306 944 107 78 493 307 533 933 386 644 459 120 252 498 8 797 598 292 947 381 42 592 296 655 984 710 925 424 311 661 368 338 702 504 371 328 759 935 219 532 394 719 441 12 946 952 156 142 47 810 561 154 993 792 108 2 399 179 686 649 109 126 61 704 411 538 731 777 106 116 19 54 779 282 954 414 415 58 141 602 86 576 209 773 898 348 793 333 878 453 594 268 746 852 677 425 774 834 11 908 787 816 261 728 890 288 491 373 895 585 81 388 159 658 583 318 251 66 174 262 241 475 601 14 487 631 688 548 230 765 685 340 101 807 472 528 560 595 181 748 863 593 987 986 351 894 51 136 464 668 72 247 4 687 220 757 680 477 10 876 922 3 326 114 148 663 256 489 803 833 911 155 518 897 679 270 267 358 49 500 522 829 537 303 266 253 517 744 618 733 44 801 968 488 629 682 119 907 117 683 401 176 496 481 973 131 921 495 928 998 69 207 605 392 827 550 881 899 492 314 474 796 243 749 195 725 277 147 547 530 39 623 633 341 153 291 397 760 57 770 324 932 258 604 718 144 573 929 440 612 361 934 786 334 77 410 628 920 513 449 553 750 264 931 581 170 622 31 446 393 312 229 969 563 129 330 443 124 815 672 983 709 772 224 145 274 152 161 977 210 858 37 236 860 726 280 660 448 669 451 782 665 558 390 992 949 223 671 71 938 889 923 823 13 335 695 279 901 208 431 769 613 822 763 97 375 913 821 201 565 982 356 98 502 337 826 657 182 27 278 452 183 540 868 50 458 554 53 976 483 427 854 723 46 722 130 133 305 363 396 869 959 160 650 139 845 887 434 979 588 85 930 884 591 30 137 846 192 135 965 45 966 7 910 432 964 437 272 508 228 490 861 413 875 239 552 505 580 212 317 218 937 525 322 791 91 269 996 795 406 231 546 963 571 83 788 287 862 678 134 196 617 989 439 828 630 204 127 329 345 255 462 697 460 233 615 38 456 648 640 103 56 140 626 271 742 960 104 874 347 614 82 35 70 331 755 503 572 542 958 527 541 611 289 951 297 316 87 713 692 609 832 355 882 221 214 675 366 735 6 215 526 802 712 893 149 739 926 95 636 903 382 426 738 978 89 163 469 227 422 164 703 721 799 206 68 254 62 775 75 200 789 112 706 238 919 694 284 403 408 520 180 484 211 442 111 407 444 445 761 693 676 836 806 534 276 880 436 917 478 839 336 936 461 701 980 753 494 294 716 100 859 705 327 653 467 892 715 232 157 515 186 372 531 325 865 730 55 28 59 747 544 752 362 509 473 847 883 516 64 813 690 93 171 691 991 463 838 997 771 743 624 92 353 197 967 352 549 994 831 194 896 22 584 143 105 918 817 568 578 308 819 766 872 293 310 745 904 912 132 18 556 404 974 187 643 734 339 539 724 259 873 376 851 809 521 370 754 416 940 405 866 369 486 244 309 73 545 646 764 1 867 732 263 118 824 84 36 188 189 519 579 428 523 74 870 656 364 79 430 600 257 673 616 454 945 26 632 700 423 113 387 167 420 970 737 577 871 359 589 377 641 198 346 470 99 985 972 778 273 21 391 501 402 915 995 780 260 65 625 805 216 249 570 374 265 88 383 298 5 818 468 948 843 15 696 794 235 202 681 699 213 33 736 776 975 811 283 627 599 146 841 606 564 240 471 301 185 285 234 9 205 756 385 957 128 199 529 173 955 365 395 457 400 714 248 299 115 790 482 165 384 551 586 689 48 664 717 166 587 557 950 96 621 914 758 597 798 419 711 349 379 820 569 740 191 555 76 877 590 245 835 981 909 354 886 635 582 367 857 485 990 514 389 670 812 24 343 63 939 783 856 315 507 596 864 652 429 242 971 193 619 988 190 158 60 637 102 290 172 962 850 638 574 927 924 380 94 438 360 906 674 849 412 961 409 29 418 575 825 480 781 651 902 645 942 151 888 23 125 41 286 879 32 122 25 304 768 885 953 275 784 281 729 767 295 727 16 785 941 17 620 510 476 808 222 344 52 447 562 313 608 855 121 800 804 814 666 956 90 357 559 320 225 891 226 450 720 499 435 667 350 536 840 762 184 524 323 708 603 511 943 654 177 237 40 707 842 905 34 421 535 844 607 321 659 837 639 662 642 512 319 342 175 610 751 203 378 217 150 647 162 684 479 634 250 455 20 246 466 67 567 302 497 110 332 900 168 566 853 138 506 398 433 169 848
2
2 1
1000
1 2 3 4 5 6 7 8 9 10 11 12 13 14 15 16 17 18 19 20 21 22 23 24 25 26 27 28 29 30 31 32 33 34 35 36 37 38 39 40 41 42 506 44 45 46 47 48 49 50 51 52 53 54 55 56 57 58 59 60 61 62 63 64 65 66 67 68 69 70 71 72 73 74 75 76 77 78 79 80 81 82 83 84 85 86 87 88 89 90 91 92 93 94 95 96 97 98 99 100 101 102 103 104 105 106 107 108 109 110 111 112 113 114 533 116 117 118 119 120 121 122 123 124 125 126 127 128 129 130 131 132 133 134 135 136 137 138 139 140 141 142 143 144 145 146 147 148 149 150 151 152 153 154 155 156 157 158 159 160 161 162 163 164 165 166 167 168 169 170 171 172 173 174 175 176 177 178 179 180 181 182 183 184 185 186 187 188 189 190 191 192 193 194 195 196 197 198 199 200 201 202 203 204 205 206 207 208 209 210 211 212 213 214 215 216 217 218 219 220 221 222 223 224 225 226 227 228 229 230 231 232 233 234 235 236 237 238 239 240 241 242 243 244 245 246 247 248 249 250 251 252 253 254 255 256 257 258 259 260 261 262 263 264 265 266 267 268 269 270 271 272 273 274 275 276 277 278 279 280 281 282 283 284 285 286 287 288 289 290 291 292 293 294 295 296 297 298 299 300 301 302 303 304 305 306 307 308 309 310 311 312 313 314 315 316 317 318 319 320 321 322 323 324 325 326 327 328 329 330 331 332 333 334 335 336 337 338 339 340 341 342 343 344 345 346 347 348 349 350 351 352 353 354 355 356 357 358 359 360 361 362 363 364 365 366 367 368 369 370 371 372 373 374 375 376 377 378 379 380 381 382 383 384 385 386 387 388 389 390 391 392 393 394 395 396 397 398 399 400 401 402 403 404 405 406 407 408 409 410 411 412 413 414 713 416 417 418 419 420 421 422 423 424 425 426 427 428 429 430 431 432 433 434 435 436 437 438 439 440 441 442 443 444 445 446 447 448 449 450 451 452 453 454 455 456 457 458 459 460 461 462 463 464 465 466 467 468 469 470 471 472 473 474 475 476 477 478 479 480 481 482 483 484 485 486 487 488 489 490 491 492 493 494 495 496 497 498 499 500 501 502 503 504 505 43 507 508 509 510 511 512 513 514 515 516 517 518 519 520 521 522 523 524 525 526 527 528 529 530 531 532 115 534 535 536 537 538 539 540 541 542 543 544 545 546 547 548 549 550 551 552 553 554 555 792 557 558 559 560 561 562 563 564 565 566 567 568 569 570 571 572 573 574 575 576 577 578 579 580 581 582 583 584 585 586 587 588 589 590 591 592 593 594 595 596 597 598 599 600 601 602 603 604 605 606 607 608 609 610 611 612 613 614 615 616 617 618 619 620 621 622 623 624 625 626 627 628 629 630 631 632 633 634 635 636 637 638 639 640 641 642 643 644 645 646 647 648 649 650 651 652 653 654 655 656 657 658 659 660 661 662 663 664 665 666 667 668 669 670 671 672 673 674 675 676 677 678 679 680 681 682 683 684 685 686 687 688 689 690 691 692 693 694 695 696 697 698 699 700 701 702 703 704 705 706 707 708 709 710 711 712 415 714 715 716 717 718 719 720 721 722 723 724 725 726 727 728 729 730 731 732 733 734 735 736 737 738 739 740 741 742 743 744 745 746 747 748 749 750 751 752 753 754 755 756 757 758 759 760 761 762 763 764 765 766 767 768 769 770 771 772 773 774 775 776 777 778 779 780 781 782 783 784 785 786 787 788 789 790 791 556 793 794 795 796 797 798 799 800 801 802 803 804 805 806 807 808 809 810 811 812 813 814 815 816 817 818 819 820 821 822 823 824 825 826 827 828 829 830 831 832 833 834 835 836 837 838 839 840 841 842 843 844 845 846 847 848 849 850 851 852 853 854 855 856 857 858 859 860 861 862 863 864 865 866 867 868 869 870 871 872 873 874 875 876 877 878 879 880 881 882 883 884 885 886 887 888 889 890 891 892 893 894 895 896 897 898 899 900 901 902 903 904 905 906 907 908 909 910 911 912 913 914 915 916 917 918 919 920 921 922 923 924 925 926 927 928 929 930 931 932 933 934 935 936 937 938 939 940 941 942 943 944 945 946 947 948 949 950 951 952 953 954 955 956 957 958 959 960 961 962 963 964 965 966 967 968 969 970 971 972 973 974 975 976 977 978 979 980 981 982 983 984 985 986 987 988 989 990 991 992 993 994 995 996 997 998 999 1000
28
11 2 22 4 5 1 7 8 9 10 3 20 13 23 15 16 17 18 19 27 21 14 26 24 25 6 12 28
35
1 2 3 4 5 34 20 8 9 10 13 7 27 33 15 16 17 18 19 22 21 26 23 24 25 12 14 6 29 30 31 32 28 11 35
14
11 4 13 10 1 5 9 8 2 7 12 6 3 14
7
3 1 5 7 4 2 6
48
1 2 3 4 5 6 7 8 9 10 11 12 13 14 15 16 17 18 19 20 21 22 23 24 25 26 27 28 29 45 31 32 33 34 35 36 37 38 39 40 41 42 43 30 44 46 47 48
