40
3 2 100
3 5 7
4 8 16
1 20 5 2
10 61 119
30 7920 20 4680 2 6 1440 2520 15 3600
10 8301 9961
20 83 415 4 830 2 10 332 166 5
2 5001 10000
5000 2500
5 6059 6820
3081 7541 8126 9631 4977
5 8730 9233
9375 8418 8906 8357 5679
5 7982 9851
9376 4063 6598 2461 7616
51 922 1841
1842 1842 921 921 921 921 921 1842 921 1842 921 921 921 1842 1842 1842 1842 1842 921 1842 1842 1842 921 1842 1842 921 921 1842 1842 921 921 921 921 921 921 1842 1842 921 1842 1842 1842 921 1842 1842 921 1842 921 1842 1842 921 921
5 5771 9395
6897 6175 2000 5598 5057
5 6132 8695
5517 7934 4886 5281 4025
3 2 50
3 5 75
100 11 30
8430 6780 4410 1440 4320 5340 1500 9540 1650 8400 4140 2850 5400 630 780 3060 2250 6900 5250 4560 7140 9030 9900 4380 8610 1020 9720 2580 6840 8700 5820 9630 9390 1560 3420 8580 5730 4500 8460 2880 4200 4290 7740 6240 6330 2610 3540 5670 4860 7470 1380 2640 1350 6510 4530 8220 4170 2280 6150 2220 420 1110 1860 9180 2670 8370 7260 4620 3690 6480 1410 9420 6660 1260 1710 2490 3330 7770 7590 6300 7950 2100 570 4710 8850 3750 3840 3600 9060 4050 330 3930 5040 2010 8070 1530 6180 6960 6750 390
10 61 119
3600 40 5040 60 4320 6480 15 24 1440 10
4 2 10000
4 49 17 3
5 8319 9666
2369 3201 2019 6910 1559
5 6796 6896
5247 3903 5547 1616 24
5 2906 7621
163 79 2233 9417 7457
5 6997 9025
5568 9713 8776 8167 278
5 7515 8791
9505 2991 131 2366 7373
5 4788 9872
9293 6778 8645 3423 1265
10 2 10000
3 11 10 5 6 2310 7 15 2 1
13 1 10000
9892 5374 9826 2446 6029 84 6783 276 4658 8511 2345 5363 7886
6 2 10000
9967 9973 9941 9949 9931 9929
51 576 1150
115 3450 3450 3450 115 115 115 3450 3450 115 115 115 115 3450 3450 3450 3450 3450 3450 3450 3450 115 3450 3450 3450 115 3450 3450 115 115 115 115 3450 3450 3450 115 115 115 115 3450 115 3450 3450 115 115 115 3450 115 115 3450 115
10 2 10000
1 15 3 2 7 5 30 10 6 11
5 8811 9754
6122 5502 553 1509 5638
20 2 10000
8633 1 1 8633 1 8633 1 8633 8633 8633 8633 1 1 1 8633 1 8633 8633 1 8633
100 2 10000
817 3182 1720 2924 2107 2838 1118 860 4085 731 3870 1419 4300 1462 172 2451 3311 4042 2881 2193 3913 2322 215 4214 2795 688 3096 3053 387 1376 3741 1161 1548 3440 516 3612 3827 430 1849 473 2709 1763 1978 258 1591 602 2279 3010 2021 2666 946 2494 301 2408 1032 1290 1333 645 3784 2967 4257 4343 1677 1935 344 2752 3483 1247 2537 3655 3999 2365 2064 989 1892 4128 2236 86 3569 3526 3698 1806 774 3225 3397 1075 559 2623 3354 1505 1204 4171 3139 1634 2150 3956 2580 903 3268 129
5 3071 3422
3231 7904 6318 3476 8677
5 4186 6159
1814 7389 5364 8648 964
5 750 1635
6850 8658 9539 3543 9689
5 538 3776
6637 302 3607 2780 7621
7 5 10000
9762 9942 9714 9678 9822 9726 9978
5 9382 9400
4008 3271 3453 3781 4855
100 1 10000
7644 3372 6514 9367 6170 7289 4804 5775 1366 7160 3996 4644 8264 6891 6129 4778 8080 5256 5350 7013 8469 454 392 8573 7000 1549 4284 3667 1309 6693 6206 1753 2647 4432 2430 8739 9363 6740 9221 2543 6611 9020 1015 5069 3468 1864 1048 9557 6244 6601 8695 7521 8580 9258 4869 743 7012 557 3375 5418 6336 5348 1672 8387 3836 2399 3750 4152 5849 4889 9140 1923 2240 2539 7261 5059 1009 3364 6882 148 4993 7139 5322 3982 8021 7534 2842 4813 601 6439 4624 9109 12 9442 306 4040 5627 3551 374 3051
5 5065 9723
3207 272 5437 459 9808
5 8195 8807
1687 2202 5793 3319 6437
5 6150 8908
9911 3825 2930 9721 7076
50 2 10000
140 36 4 280 90 45 336 48 252 40 16 2520 180 72 5040 84 35 168 70 240 630 840 20 42 8 504 5 7 560 21 315 1260 18 63 12 14 720 24 420 2 6 60 210 15 1680 80 144 30 360 1008
