100
5
1 2 3 4 5
3
3 5 6
2
5 6
2
5 5
1000
700046 239485 727978 916648 701641 189525 882320 763672 142279 8528 181645 23866 692359 508512 940148 214155 291446 98303 986977 445745 137461 54536 786820 677726 130321 621990 601788 309775 814082 668603 996498 509967 869361 291866 54112 173310 972985 339300 176129 689973 594517 288089 819198 851027 751201 739055 670586 377903 78227 847133 211232 218178 584074 999901 97767 748090 937381 132123 608857 122327 30332 903596 794105 999729 836046 177558 541491 328545 40312 803681 679245 86329 805467 392677 243684 499661 496612 684887 322129 113260 420249 954044 85356 951569 220630 568300 319990 271056 764489 23908 213835 165707 851033 470251 941596 468592 704457 75320 175883 513925 213410 323990 63415 484774 422487 91367 563000 819788 236928 57231 759732 134869 629026 656896 601588 334219 825661 742012 135394 95743 121659 517537 258343 828530 635880 103930 704115 717299 36612 404298 963561 415803 337010 395678 105717 706633 330454 701540 623046 631225 590149 233345 431159 681914 395185 489268 740960 463991 985785 220627 599200 64284 593905 922385 126434 264331 982398 695665 303852 835266 791535 216676 804456 154963 287037 490279 169420 896833 946808 281771 144328 145829 769873 716128 411978 625917 443962 516309 825177 160773 277634 991317 21006 801908 98392 885826 462853 811788 480013 578228 491366 28221 204994 694752 254257 471003 466359 319386 967385 672302 788469 954524 87450 576001 58090 292052 431147 304549 551167 731896 534533 912704 553782 301124 620495 408802 553537 844537 749913 485711 197543 450125 920022 961378 543323 131025 313078 522875 376135 456917 985744 611785 43365 868048 410386 893395 186830 622970 876051 767993 832467 744798 121689 114165 29390 647176 44456 237299 58416 560745 629885 372155 988108 513212 391647 977060 407025 843853 317847 555305 160887 875106 290599 476456 896935 546674 363834 218491 936821 891290 209327 147429 166050 366571 551128 458558 318019 680444 162729 552143 774924 676660 749241 255960 412427 308699 205655 242059 53269 684878 498454 221590 936439 225377 268114 637133 618817 492050 48464 568179 604719 385844 268288 927667 659599 584225 301617 351580 471469 975972 240597 864871 532667 56422 118904 7585 165386 709028 5047 276263 686004 235515 820352 531904 833016 698824 722992 187902 846087 27989 848657 670709 143251 550429 746416 131494 289649 237496 410440 929711 575162 888408 598308 137421 957227 102409 740992 370625 548933 974639 497054 741188 635523 15290 790682 783076 201343 706287 911199 520202 254042 952867 351716 38362 481305 319529 471719 66281 19318 450648 4407 849400 307555 644396 899331 349292 456303 229037 167189 166352 39878 669778 560785 757587 585928 859851 496787 434110 568035 476495 877207 235763 214790 396823 854916 686896 182707 266822 854205 655183 606587 362482 44041 911101 940310 686457 759151 919197 166976 652880 248492 150539 183162 811540 983364 624371 15618 615149 616204 252279 267433 124575 67668 568753 407509 321900 8851 44037 333913 171135 561752 401452 640040 291053 518946 209404 888584 657860 338775 103354 565059 830840 181599 767603 449224 831125 928776 239853 261926 609476 141842 342221 493682 176132 76076 43038 872226 307363 346465 261340 459059 989016 201889 194448 396013 229129 26263 262529 241953 513039 985125 93693 853548 677326 655030 699261 429372 322790 253719 100768 364357 918894 849920 640705 158167 882992 797335 298822 136658 740796 973930 653843 323832 240472 416609 30853 350348 551970 12593 121715 767806 707701 509451 232184 748359 840133 113830 179769 580660 809800 695455 643334 247524 667366 83596 911947 620903 335806 626476 778911 723619 371439 42118 505054 976372 215597 960107 338382 432287 45635 457224 5939 305199 387490 171343 417339 580844 646033 305572 255277 944650 350764 143581 120481 389825 786671 203639 814917 190070 451134 552057 790877 975355 529768 854535 373752 827984 311406 963551 189217 283206 846012 384853 306744 576358 83308 658410 19057 732816 939015 400447 579580 422173 817896 990457 943222 335107 974820 32068 844135 385027 833901 173651 626156 444414 882968 833673 485420 293315 64434 511464 411047 37373 671072 217392 685317 747465 855781 448701 728573 377334 394407 633749 577744 814769 227996 51447 406187 909606 43553 673159 176635 267452 873987 20652 26803 479604 435840 33548 409783 950257 145142 957245 137254 687194 170738 215084 313007 47336 492929 269562 768780 564622 498299 601952 432353 845085 737025 878315 754880 159314 890502 333474 736655 277055 959164 880069 720599 76631 857148 972292 746448 990742 781860 161307 324128 909759 624072 700028 723487 543089 157159 978787 917590 682346 524737 168718 179570 827719 136039 24272 520662 264791 901936 186337 710088 123485 411033 273085 212135 570712 832463 407770 668477 121077 143635 988466 880501 359979 186034 612695 475007 824174 332531 19393 949796 506355 611982 633884 768142 761834 749238 259871 551124 990913 145327 972468 877454 92837 59420 68016 857894 482764 38303 29609 880701 92809 299364 465252 429773 183168 564989 21195 416623 204957 844799 888342 927891 941898 933475 204738 780224 551374 955497 795885 969284 670824 75811 439700 304597 315241 106970 685848 156709 363913 431568 974487 649845 313505 644733 957952 29321 939037 500767 674851 347742 675615 755519 519936 778259 133508 220070 28112 419576 976790 580500 753062 501609 573966 275346 25758 405031 776019 741205 394309 612130 388351 285306 384385 344352 112228 64907 390454 57244 27220 287034 974600 845763 782921 405265 581232 318664 864429 967037 564236 805491 339336 862305 956568 335412 242993 936584 780781 645596 428987 371055 640199 792655 750561 52956 49207 68356 518616 336913 370144 102646 764248 242472 349239 801024 897783 561101 55693 765813 523248 387109 269317 235998 589349 900100 861178 244338 436714 521350 583516 89042 340118 812545 247578 696621 862186 839266 683502 275423 53714 917138 732763 377123 158418 408966 955092 448850 100238 625313 716026 837063 811492 362429 133064 379849 143791 289085 836182 24 538940 525762 845245 282875 993068 762568 389914 507442 130070 117915 979919 954793 978166 663856 752764 471086 303363 709817 425974 663861 83187 688839 930902 691547 765199 886309 593399 600486 999288 698670 621682 914628 672526 749081 356057 772970 33805 155535 32593 528551 872757 931263 811951 920301 623765 111729 539322 143171 501859 378919 980994 263895 779276 70862 591657 991718 140550 585756 184985 996568 607776 995944 963311 454433 834941 65648 632328 9866 216047 394445 248435 996005 143189 811853 505898 461214 299078 980561 462326 15606 193889 648311 667046 561036 685187 421435 408102 958316 322511 302499 470509 213358 593290 219733 627932 778120 133987 471765 276494 121355 64925 233446 827146 583735 117200 810763 965908 121619 997684 877909 677112 385582 745983 291572 591406 138619 852416 111182 909418 143098 769431 278184 387040 651701 738606 570523 929312 476264 932040 597491 638253 122368 733376 629472 845795 556391
1000
654151 80967 866002 668144 818388 108651 206633 480110 811296 320731 146498 675763 349196 749218 874168 144667 779990 565093 66080 543868 59036 429594 311255 732996 191348 259604 475074 183532 882789 809061 391712 326418 73094 159382 975754 122008 482047 80952 169592 603159 429936 143897 303255 839646 691922 489203 372773 580413 50663 421047 803353 160935 338252 875507 909678 402870 785042 484223 56521 307489 678980 946369 446335 970044 387144 177016 720026 591164 873283 835704 16585 872083 408849 334749 999096 994440 441151 337389 176147 328149 112426 824200 757336 177111 917674 965826 981337 547838 460724 433583 938764 837523 124187 313789 113046 134643 629409 225041 367934 896291 612794 521296 372963 120985 943758 327994 675511 143343 375520 927544 936043 591976 213258 986127 582262 231672 340943 271764 961403 725064 266189 572218 927253 859497 634698 942049 488314 566293 894544 838220 622353 116870 501809 742213 82331 290597 913958 16045 309562 289075 771821 870513 612191 119124 242125 729469 189299 701946 190477 973924 947529 856836 904720 918288 364210 323155 602619 761580 35722 78021 223993 267690 860209 52198 755633 885829 783816 274887 837854 659252 169336 651723 730475 115572 229681 721871 75372 535881 33561 858943 744634 867515 711183 639360 565469 427776 624218 2404 237145 627260 247218 192603 63639 956756 347146 525139 862714 491373 294001 144545 466105 453348 904302 774232 417210 703499 241253 54985 47026 470416 285168 742760 119781 610975 971867 331143 235243 63316 330233 437612 729494 590510 334254 195100 684126 990399 305571 904281 345292 100299 604703 66659 552756 355354 138283 276224 978107 697492 737656 286291 590041 979389 546824 189867 864005 609388 58332 727209 926408 961574 780914 789221 874576 330415 70509 919524 775571 981201 682724 254488 296569 169802 831987 475629 168397 224870 900173 761999 911150 87432 292400 503724 755442 725687 167283 834234 473449 655616 985053 168987 874627 363455 864885 435744 432049 655613 533284 842652 585273 439076 246784 384981 315028 168663 489816 861488 210770 112084 385388 691540 814874 903903 192614 901358 257280 620904 911374 684846 165752 872286 592532 121562 733191 887456 210980 805606 702722 766898 22518 176733 182323 430152 691103 143622 325347 681883 282824 476654 502068 496272 755147 687458 23322 879858 817706 226050 656943 977692 925120 42373 18265 893694 854806 941751 860225 644022 150401 686684 747514 882790 305082 162552 936766 57912 346468 900127 581421 227689 759752 309001 933421 491758 402429 949900 494757 643709 296248 247963 42383 124111 562935 282920 538565 170296 591964 887899 19953 394404 978693 483969 229092 429057 975821 712363 288839 288420 743688 729228 157458 809351 615481 340287 211064 600709 523766 64698 682267 376949 174571 816226 47454 891363 462508 812503 212653 704200 621999 713180 828797 657836 750372 840988 28176 574420 359906 838500 512602 411969 179193 475997 582075 259429 43199 285421 491137 318891 731445 473997 850178 959516 871866 263604 447999 976205 364737 217761 555268 515520 561170 931212 307176 872323 832145 857805 417442 739605 262925 978151 910997 722475 672890 902482 793946 728666 920943 783479 61958 519522 835719 896270 280432 646224 897614 431607 154903 790944 415431 844168 888862 620644 676589 155782 943911 337540 871044 702827 298688 918624 729800 443252 595327 771605 229836 514599 619113 671023 866549 687099 472552 267993 438426 335004 811632 64709 540354 224332 282928 925076 114503 76979 584222 635216 638573 51853 229078 945966 919872 969013 230114 475839 176068 299041 373598 449355 93202 292513 734073 871566 833076 494339 687354 546678 276256 263494 961483 951038 131947 802484 280907 32453 72088 173320 403065 177275 378431 588519 921611 598451 724161 848623 547054 577257 215553 476707 718475 648619 278791 400536 737699 641595 587211 358496 778674 972804 491191 777917 422788 114650 95384 255499 699764 291998 518670 435464 210347 169547 700538 412484 541606 231489 988743 120370 564688 817278 369440 834305 192801 525408 31749 391119 667844 66366 156839 945157 74741 607372 912012 331643 248115 355119 647689 695138 521687 121089 359555 7981 157210 456685 161514 952622 592547 588969 92415 917387 296421 698553 344170 359819 109233 426776 40913 401665 216302 807220 446402 913454 905114 876692 308416 363562 672139 546808 442114 301073 232959 840944 674099 871822 933287 971368 943675 712674 961026 610942 658539 427214 335693 734931 799394 823127 105747 66305 357406 737420 321083 630458 774860 698980 332739 225843 773707 505715 540868 90803 219010 420137 418487 468921 335221 537486 508119 135999 922912 426148 900929 243289 28197 159560 576161 605895 819377 634420 190391 995048 599019 895530 707350 550082 823534 403183 389846 1832 442083 554325 841501 24507 809956 845319 523256 815233 687328 263885 691536 808868 378540 58633 816341 207851 915182 16380 432034 276633 692038 114223 218994 649097 707104 751612 414641 344449 914245 466740 620883 427384 987993 295781 545411 21337 504727 70863 79677 276910 584694 48390 168808 454253 833829 450500 499143 278014 476562 869991 591704 594748 720200 398559 323554 625188 199402 61697 589479 523183 211094 913110 867601 39068 49360 186222 417174 514204 720866 392848 135180 637730 543150 23567 767633 528313 134969 557807 150841 358777 885450 860076 841023 580909 38373 251174 562165 445570 824237 973170 660383 356737 949782 499197 879958 597742 973834 612461 382136 515771 271190 188361 378459 190368 520023 975039 910060 916967 865515 692189 161443 990553 481482 258466 240906 493222 762618 996922 37724 326215 484591 672716 349021 513697 230470 239053 435517 284229 506298 369632 398767 341146 714733 179246 84156 811983 684650 192943 328393 967580 558648 754195 690379 810160 234009 270594 513970 470297 654909 257174 559527 845570 312925 993553 201010 396972 240923 745074 55738 346483 262164 653497 984711 758462 341 912114 597248 814993 385604 138633 821398 139789 913279 873586 181709 724426 216101 464826 922715 543211 37966 553497 251663 678744 745455 137382 437752 79786 2625 302143 814279 220791 419540 275556 570942 227575 711135 845500 630456 945206 404676 298060 81272 628302 730990 53471 810414 575788 805132 174929 23386 57822 645680 714809 700476 277707 736174 638320 222189 57686 433303 832824 900626 932805 524060 691288 79270 31716 190695 628576 319201 905221 605955 618728 851876 459793 107899 533226 702791 933731 295738 849122 292393 450740 726975 617933 636477 593692 16436 1477 873803 867112 569539 287977 521714 134838 544587 254806 900297 256734 263448 441961 597007 685007 434640 162053 484520 958701 188008 864080 934247 450012 806429 25870 347179 982194 528080 415362 653809 738337 894149 744766 327037 576314 588499 289839 244230 873587 621546 582800 704229 789664 729896 251470 948828 655183 138872 443652 405184 902247 65534 598261 127940 372074 416493 247397 167108 973629 425104 843404 886145 247430 250560 23383 34474 360805 902091 987446
509
285043 5332 472135 481328 461668 943814 745456 331932 246939 44082 530678 719235 324793 592587 996969 128054 413645 843599 229711 750692 94633 871812 336083 681458 981299 836568 384722 377358 902820 643759 488809 534894 616156 380574 834276 415626 778621 924348 821404 32622 734240 93290 929606 40071 301234 160028 232557 872848 454193 17519 673645 453008 193580 897603 690481 200859 910919 825425 183483 546140 451515 711857 482588 123175 979830 182116 351566 487424 802769 369836 595392 509428 427598 908275 227547 376076 858461 186782 257073 168592 485735 164759 569254 997877 249954 618317 671055 307712 378497 63865 945710 722323 638459 340080 330096 772473 872578 867325 306471 629067 372746 143778 265395 195279 923243 581200 181995 552376 821936 347401 177256 868067 939952 696999 573432 811793 156676 613371 243565 367645 338627 290129 105774 521418 67399 614571 434503 265306 798713 384143 555518 32779 365303 869559 256294 773368 975485 618072 227224 241993 459587 453124 573027 620101 28119 847256 777390 920541 175390 145744 811322 146980 336393 166429 347504 824890 523098 816705 928045 169957 455708 382823 622060 79597 464434 505580 642220 293624 718905 184104 918652 37599 575802 623269 17970 73547 632877 114725 790633 60023 396314 770153 722582 622308 436642 433669 525505 303786 290359 220217 430273 668958 581282 98722 980690 898525 984515 669065 514593 150097 924 956390 766485 41729 739678 398420 171967 399699 493755 83353 426392 107599 540164 433 863207 796674 497974 853896 41539 776768 645119 16137 179456 754996 616964 506604 276568 174263 948708 711523 507652 663468 212543 768041 269513 818287 12774 946905 320564 123822 189428 473216 209049 849402 104235 579310 757544 635594 537135 817240 652188 696545 653720 833127 909269 927661 449644 866406 705685 773595 717402 516428 130622 830877 244560 269539 815783 544417 296022 115721 107392 100931 134326 936618 997994 531073 381020 829073 178961 350359 332705 151374 51354 47412 122233 518354 36586 647788 223021 30580 226147 695945 710242 394135 519160 505266 757877 251493 47332 972968 152520 38371 330789 613072 692872 588450 216616 302073 856639 553869 742517 306154 965146 44784 384271 831914 526652 876360 444551 79597 923821 696678 488552 100081 7179 248687 961732 450788 704645 627082 133289 115290 968553 817465 79196 648378 398422 915272 293284 25596 419832 947321 310466 94621 319698 896832 621612 130239 84164 33352 668139 915121 400075 798123 694416 281808 791926 740516 321379 803644 932965 727769 837685 182343 609869 574603 689550 836566 153484 90551 722094 888693 856324 981113 791754 95927 914842 905493 923797 952732 554062 532748 903455 234546 292104 225403 497579 503038 37844 90400 343878 374904 943604 635163 427341 631024 910902 398978 468178 476610 558271 55456 606082 529012 931709 812482 158895 911186 674865 464216 15194 712730 847933 919075 953637 687891 717702 72835 133372 161466 380899 310301 446318 676190 718484 910161 452867 574317 180164 866118 291161 106737 612041 458168 406032 397036 784153 491730 624175 719613 558919 296315 427311 951702 622487 503538 525724 959273 14172 661016 845935 994303 406142 71895 42747 999137 797467 13196 604554 924044 662968 252837 688912 71795 133073 543933 739725 827072 284661 347527 216550 694580 649788 30990 421756 457179 212658 82261 977387 279523 175512 451381 947973 114320 814411 522569 366828 681328 391632 584585 306352 482825 151963 205016 621746 845636 851931 699906 346682 730647 867792 999149 659482 473700 792113 373979 824126 942254 207252
131
768494 472665 955095 725483 690808 125435 216956 195907 288021 336506 614876 16016 118309 971780 816095 773348 568615 7391 691847 568015 257524 457954 926506 459250 672028 140510 904183 110306 37877 845728 536390 284060 204595 847258 233454 312524 357554 893964 325073 915090 478511 535860 440207 577081 768723 473526 627951 595240 269744 462302 139178 778644 295142 438827 393292 858859 105108 910295 35721 703020 29213 692927 769468 835047 545855 510484 714204 917606 258506 415818 422585 702534 431422 106478 411170 667327 785447 248512 429211 610768 874577 496309 678467 237437 295861 126789 517818 968622 590627 727228 217363 378787 205735 112722 967884 115455 941929 875843 611260 153085 59389 264651 820337 775505 66297 205204 614027 355482 169202 174579 650486 823569 867539 649128 294342 504006 458097 831626 336890 29974 150131 865669 399606 872092 117587 658445 379848 18933 881877 718055 368196
865
865737 61422 916482 556250 250341 607112 838376 329859 291221 230834 759633 407608 568365 395857 994325 393003 23303 214287 224188 172795 506669 96822 196464 825831 320413 867840 875622 261741 474313 875512 449339 382344 619803 430286 362561 523973 225453 890153 836346 617685 47791 796119 966010 514631 687944 351810 769027 249646 896774 872438 994422 296057 458465 76532 715299 444323 697192 27150 345664 940308 278992 622690 873453 983038 394085 982314 205973 916061 964939 505879 94545 122522 256108 622492 717282 465948 808439 650654 962235 300942 341799 739887 139428 22536 387262 203387 344906 746695 568633 974056 338016 31802 252739 586044 681826 915243 537831 307914 461511 820296 557061 587504 929594 833151 935761 494690 107370 847804 934339 20702 934223 825779 325138 940529 766217 427426 475520 898221 545672 455092 847420 570719 849475 736061 94503 896620 40778 336650 561430 136572 510591 835164 388518 924643 598568 239792 560209 324473 542110 869158 539754 864092 789896 104667 892986 871812 13901 135554 320694 732966 600344 33348 361455 93648 775335 700755 87993 789997 592822 632828 688538 752374 396243 609823 471102 38878 202347 471765 368386 222708 272834 78944 657438 656535 743021 957620 496023 579753 939644 576316 804106 514340 522729 806362 313778 669703 326952 835431 993249 450190 693352 86712 704150 793510 748904 271555 216183 763724 852088 454212 394372 701159 654089 570333 890206 571195 640241 351109 633102 166131 232675 376904 648153 957615 725070 945067 198900 916302 920786 44980 665032 302209 707992 494173 654594 127278 736849 776421 245433 371363 528421 176037 550541 329870 104254 792833 573074 273374 308324 674094 808510 181700 476552 340816 769537 661860 794854 909909 183222 938126 252155 333637 291351 761703 56245 867752 552475 263677 648712 151256 605664 904616 50237 163945 663016 868741 305795 669968 379515 307397 202334 373009 580412 120444 998598 915161 714990 283084 820678 551523 765361 723744 690372 663219 724526 172131 770588 872069 533888 465480 648445 343502 207840 80538 460666 509964 861675 750258 896853 733415 841700 461141 420959 110803 711764 408029 303133 266087 58059 83504 705916 864510 512326 138026 597261 805638 974161 177788 197203 798840 235353 614084 26671 188855 576702 316235 502748 924013 671357 928707 145486 375654 34091 941121 573934 181486 518626 211932 452686 472765 646409 512650 942770 227276 655156 970190 907934 60792 914051 286466 624355 788718 474979 818609 628096 370938 271992 919420 227583 138715 708995 818961 634973 790911 448229 627035 524652 207290 824880 952313 37669 893868 831289 18845 670395 534656 710042 862512 163863 253996 141525 46589 689047 137863 701011 20652 629303 247301 243039 402963 82745 152157 530317 909349 206142 767286 174303 93779 178111 12284 435062 473932 921917 991827 159401 356015 69093 53508 108415 143815 629844 600335 387867 432031 289411 305083 632248 653476 489923 130363 394468 919742 76650 7989 328147 336338 121053 778489 237008 545370 927503 187053 869564 914970 839233 355230 242206 613721 249523 517981 890898 438105 841732 374972 264089 195895 341487 583553 404463 960257 325859 483199 199270 835228 966076 540241 817628 981756 306813 442065 222544 258175 732629 378809 67274 42189 237579 350303 125724 274950 767846 640497 984697 891483 871105 478099 879100 373619 581204 717175 522855 369959 763696 256582 553621 955051 858608 443024 439762 86748 414810 996301 711003 850043 791866 519010 519958 326426 975098 912637 217979 990788 116941 227746 777927 518009 186464 224608 153548 390497 450636 162763 539569 960213 725730 133520 90774 382356 874941 602726 321159 492058 985989 941442 493045 750433 443747 566606 414832 949263 778298 868878 997264 692925 915761 293603 231613 393037 11393 23396 509974 607427 545246 45735 338513 630321 103258 116566 551707 628529 342208 822699 779296 507571 856673 887837 146253 259917 419233 278194 429394 82476 73634 192426 459428 830330 213257 326855 88394 822106 995622 592500 516476 983863 517114 67671 507943 357567 606963 584346 77301 356639 982178 280386 125942 251301 101674 685726 542345 578575 190646 211347 133004 204196 922523 228190 90086 336232 836600 486462 701200 293417 312727 290188 883594 902944 96909 98266 343124 647979 728701 944134 842090 397302 104090 230598 813 721044 644685 322173 493370 484588 952216 877600 621239 591309 192093 767366 631562 944604 836331 922444 461628 546946 116442 718902 251967 421762 869949 688174 801421 78508 899785 169967 633891 949902 97318 212314 836172 93506 632862 206963 883369 957895 973695 824672 117381 948902 993280 973793 760738 12176 31002 859131 668276 692129 900276 156602 504884 7659 785219 662560 982782 865401 52071 181727 522306 209738 504290 100691 287339 347894 852872 125764 280476 829405 834752 303257 473033 55994 645726 371881 655166 491528 673976 753629 930043 386351 283543 300551 24606 693602 866931 936020 965063 801291 115889 703186 186720 408518 692267 220518 418305 658306 969557 258718 249710 331520 172144 681468 354940 199966 479497 551821 696102 672410 578970 456540 305560 280112 237358 445190 572080 120355 354265 207153 362734 512517 627455 347091 672849 379309 2727 739831 89024 451251 534068 467258 546071 844772 476831 484639 152957 622161 314602 103568 545512 308718 216894 90626 278916 792095 551361 433727 448090 191433 296497 243895 475325 333047 832384 76344 501016 830352 613547 644210 816584 52962 804165 532872 49401 10055 994202 877553 88912 668145 192234 266135 778576 531547 684690 69634 145537 148886 4056 431722 963050 191128 496607 530518 237190 885232 360398 303491 607509 623662 108482 609149 781620 984493 985219 531577 243561 789877 831411 441867 545151 611925 765938 862333 614633 715320 726335 733437 436841 483590 523366 600698 623804 352076 127910 973425 41620 802650 871082 682386 889965 160631 789488 246893 695410 938604 670970 138384 490221 372712 567911 122348 888234 145775 137698 308564 485095 450439 791438 558381 785837 710903 414626 682431 508550 320143 806457 720973 271839
176
155736 606382 987892 589954 192868 524690 362032 577589 408457 231260 249929 111893 621015 610063 206113 736147 822161 291606 588181 965900 157194 892986 869930 238177 262944 564518 178677 599051 812671 603151 677164 87739 142415 34289 905424 26128 120713 405493 652391 260822 684452 310497 99015 907232 460547 878516 943095 937774 859890 899997 142861 100390 218864 969020 210053 896452 749508 273427 936588 400955 345734 784720 643996 12365 709225 262653 318956 85038 921418 159213 808765 983273 684715 211973 890891 50784 101027 863808 860840 147451 311302 979613 58660 473059 651458 359263 819499 715069 515196 736178 922098 561943 960315 322882 612545 993376 958824 221899 667067 648215 744356 277009 842913 209351 387089 836636 204743 433331 288911 578453 411713 205600 219550 56596 296450 211182 126982 563373 552247 31051 585258 887393 543126 870426 840622 194589 575135 900045 134644 787023 573257 630869 815709 27179 733423 991613 796103 970896 390123 739251 709167 292658 264235 219798 458436 870486 443131 620280 77934 230219 43371 133212 453431 379687 71255 638465 28578 525652 366089 727564 424038 661754 934692 755583 175413 533029 426581 204189 130235 101885 751693 374503 95296 973814 639786 680127
56
305336 985427 478507 308126 224895 971208 737893 204386 730877 738552 608210 370933 170964 74900 409486 137416 351269 613177 574415 102202 198273 148985 283473 360042 453529 136379 245212 731743 911500 60766 330960 836797 458842 69417 256732 549048 609676 987813 484648 445275 56509 993756 888626 356991 638573 497338 737127 396768 387736 94592 809167 717495 244407 945854 477529 910207
850
812753 289013 954630 483152 876989 466675 547543 67056 611584 73425 851282 779568 815305 807376 435915 411506 719958 973558 292308 641089 650724 7984 106017 714758 469169 63362 667406 732680 751088 111573 110583 888507 979547 839087 709825 37380 169658 405392 659215 967285 519839 774490 514315 829932 25505 885597 418802 65989 891662 201894 288871 739619 846910 478452 851872 47425 81760 235659 793522 426228 473724 922409 536643 144044 709914 489628 822473 139625 189000 877206 607001 695657 712115 606942 253744 897163 498227 98668 841962 2347 730408 151640 211845 481934 256351 777217 887626 438626 561543 898318 551353 217900 554361 174637 652624 921489 939739 234851 638293 671612 574906 73065 866759 511127 682404 72216 453089 998937 217716 772842 217770 627496 37109 320697 98464 538688 457683 130775 455023 76245 344087 752387 34079 454163 713638 606370 690581 340964 750847 227235 209014 69121 580927 496682 682747 730533 838508 395228 892792 94549 279203 927519 786294 551212 39030 741272 342646 188631 968234 563580 600681 558321 911043 410447 689375 43712 893647 579174 667235 395547 69510 184038 881561 969945 551725 755108 999087 632973 218724 413382 638111 833522 982532 174180 246648 850991 696137 825663 584903 236518 385993 302202 392422 301752 190167 359467 171840 350601 788679 317817 368904 306001 333844 159987 754779 752970 980950 883004 604147 269365 949124 477287 192790 403392 466060 185120 840882 265472 494493 485666 680913 483201 917696 611618 634945 225750 907685 95491 265103 902013 552352 618127 799927 339411 419132 19181 969436 723160 575672 74640 316489 454845 480447 732228 218112 374112 997808 335520 133167 11770 843119 92352 901748 292728 469231 285738 153484 542672 176485 651346 786237 32794 391614 244389 683965 711462 254968 696604 551891 238642 501709 467004 991216 565376 114904 246112 684516 25647 519397 925141 411819 395367 902454 182328 493932 644536 549706 643619 640827 492995 263907 421806 252227 812560 745827 409529 322685 459248 934819 229434 618519 330350 338406 998516 312796 488108 252115 325168 459326 22031 183173 342605 104961 66154 797743 884299 833672 828552 596760 282243 124343 705981 921902 614648 301467 877272 466495 311368 444218 751644 208506 885285 786088 668640 478346 499471 765060 150580 915086 163771 557932 3379 663667 656611 130085 609575 701232 878291 682881 6494 300413 810367 477422 92205 347523 636885 100224 250630 470285 858297 279011 384307 119822 267202 715881 693717 280883 380636 601405 963660 701887 398585 692077 787636 971360 153676 859195 810574 152017 319461 717586 732146 722659 43844 859391 142856 299262 355552 315488 930197 60696 869237 724906 612209 80528 324601 705561 383180 988521 71025 795850 213043 458889 149700 393583 930773 714611 298744 482915 279228 180007 348256 713252 660511 893808 767832 857533 867515 88751 25971 295356 698530 449589 144077 856285 282366 767035 188526 343963 735477 854145 389947 51807 735282 391154 47778 606850 51359 708596 683827 763359 251841 63686 966218 584629 393963 980432 759050 76419 808267 809575 623183 385383 272448 875917 423006 896928 798166 321803 257142 860421 860369 708265 730209 59668 759698 921241 933702 152168 569157 100119 95697 399644 643206 422653 243729 988221 680964 231894 807549 702306 50373 109347 500156 271254 21170 914585 625234 460996 834544 489980 175586 52137 212825 772617 341338 535310 651812 524670 312115 686191 427544 84682 917813 642585 108802 624334 316787 348990 986893 835594 613594 871469 211712 627329 301145 436463 626635 328769 43819 863238 321280 349593 318872 690207 241425 437197 199378 299965 529216 464865 172933 231123 440855 906367 107807 763103 382438 332605 675598 29475 600299 699997 791480 625138 12599 680259 720440 467626 439009 343822 796155 793665 689840 237125 929826 847955 291554 31938 531882 571874 625219 134063 197260 740724 362153 358812 363738 230188 301506 533181 525161 915984 661192 261173 683573 320489 243633 426786 782051 299187 459459 929752 165298 522409 353393 461934 878928 430770 927897 447527 598150 669100 88077 674048 252518 515652 871826 154814 603880 754564 96120 942584 478162 8336 761939 978366 431181 75237 724822 567073 730055 53847 48466 541965 269025 867373 534548 972962 326339 681872 207070 601031 116963 818530 689834 238051 280638 489837 492534 805918 512945 626295 508146 405370 449924 188974 403 177212 742295 530821 546451 950470 310731 63063 933265 678023 30566 260402 960489 25649 130977 499927 701320 137271 395307 627066 703273 905254 414494 466304 284053 866462 390314 29002 936134 910289 308183 365369 438325 949375 12610 5396 268573 528739 865267 181248 620807 19618 116236 471846 412584 425668 33291 752224 691457 707746 949960 271328 186527 723084 447706 172264 805711 629504 435108 719610 849029 927806 979364 617899 614474 730457 552987 664578 228197 841540 648488 314990 686111 774951 898810 817611 358745 555695 480111 597349 119699 175608 798491 710483 795860 271261 532437 541416 973790 697395 304478 390928 790261 330429 814831 924537 68104 458846 594676 753674 336217 278992 265127 882464 257896 822877 357938 647739 274035 102 325306 490429 578091 172406 614028 333422 221284 90976 474761 3011 982983 733573 28904 457956 375266 246291 364665 299174 153538 1905 408750 627082 675896 578512 237827 442158 662150 508017 348713 412382 531452 151849 727546 897687 440345 223341 36948 797533 930137 196313 729610 876121 243450 780205 244401 311747 858735 540742 345196 761346 758414 879675 335241 449355 611791 943185 612331 855258 277055 930683 168687 821259 316536 545840 738886 185066 267430 477996 932612 584235 441436 481516 584702 144167 256761 587644 791495 884036 304544 557620 934506 832585 98192 542799 134856 290034 326541 254426 500793 528398 888959 899471 171552 567306 410826 450291 931518 218100 6792 917823 611693 184688 937144 875728 790500 577255 588587 163291 360506 67941 964688 307670 774976
457
344580 711460 890823 417310 783240 12297 194771 167030 703785 537816 877229 620316 492439 633672 47376 472119 259989 798788 88227 473094 393894 977457 373790 41379 275615 361390 580691 287826 62705 566205 280345 483680 398425 514723 433024 589793 107236 405897 660382 388280 550300 973008 72763 793715 93163 889705 479363 29562 809941 323379 178144 472319 525015 905893 867862 456374 730569 920392 254561 613127 279759 57109 673166 503098 929754 94747 805375 179032 597486 976548 636821 699515 328530 809437 768753 19796 296333 523152 487131 682510 853694 232996 484480 258863 851171 219279 440967 626931 883950 710396 951632 87720 180747 60205 690376 534468 414830 311819 244854 537168 453627 441848 850333 671574 748583 696828 478249 163937 841784 631913 427206 374976 693424 105392 680471 479564 974328 989923 744332 800803 740428 227265 964425 541333 1227 603875 214543 559442 927326 693669 803486 928914 900926 165920 940878 478649 650991 525412 46093 959899 782368 804394 690816 237793 58007 174989 211617 808961 474623 487164 999165 951037 871045 540198 902614 108866 664242 885414 586013 286740 521671 85691 314172 505316 460995 811018 944191 550791 425569 560757 674938 993975 670190 199571 321459 196154 306175 255349 987425 635627 813973 275953 550958 447614 811843 99618 718300 890472 495533 370202 593530 969959 416128 553439 419228 440053 271783 3174 339578 792679 194256 850540 188607 106158 937344 498994 419484 459019 282327 765826 368838 410202 595092 855375 112300 723698 880198 133092 172479 409463 29608 384119 610177 544469 594703 997167 272490 380072 286218 39231 272870 560062 707139 249216 400105 909697 764170 920857 301691 945578 353305 218990 819330 226830 525075 25687 29019 183807 287658 866742 563761 227343 545844 990453 65313 440828 31368 184350 909604 744550 814475 12847 839550 485411 680986 178101 909897 244806 953337 529829 484649 22210 987095 266790 482138 738397 173955 290931 61935 482616 707240 210781 247698 913287 390256 80125 406082 577782 371779 518322 655950 513168 339528 737746 842531 327589 707782 837627 287610 393240 649464 665528 286305 618627 792557 985137 595421 360424 413529 121928 856674 446020 653689 896549 226178 18907 643634 474439 269009 374156 624153 704349 744532 570793 998552 176557 121863 994062 425030 447092 784597 748277 562381 104188 756305 464099 296359 761683 977939 162148 488810 783659 398870 934561 973036 30868 848721 906248 469138 944228 843714 759399 178310 737111 40759 979118 744889 976818 335862 876590 802394 886535 686112 16685 40622 271582 937073 667071 216343 842974 139799 245815 93025 32438 604960 654177 583623 154640 544464 384803 164055 544172 371150 993136 169775 372876 640101 552450 157760 631846 828186 255721 874274 525677 670257 491004 271493 404015 865877 374420 984835 106007 425797 666239 930142 292681 664617 318198 283245 850171 500902 450996 640507 779741 987731 525673 785971 380900 399125 117163 424686 973195 402817 38699 678644 739407 343651 117587 940694 907181 433628 231049 352678 115270 719978 345902 715056 710920 87608 164797 79603 126513 332215 661427 915964 212287 760755 275983 544419 118360 982631 838378 909088 363292 509698 402219 630047
949
480928 657491 825161 131206 649436 407731 963545 512727 833929 923926 587034 50254 938453 785353 487912 81002 433713 152665 511813 439190 849994 910152 57750 779918 661783 590905 59052 260300 239344 338793 643783 815015 867651 730429 213321 408594 763757 212664 15149 972907 228344 167958 854032 44304 861865 112621 52660 706614 12771 26228 393850 298330 135430 507269 252703 609368 314495 880292 621170 985557 802828 919663 614896 457549 404496 386134 907773 742152 327468 287794 303563 574547 946021 303656 278454 692063 73108 26526 577953 809197 384730 324185 440431 215914 365770 453464 843854 93113 443093 862734 21291 788399 323896 815574 249756 295279 544536 898418 716064 652297 799279 562496 209306 319784 603 742541 437591 92098 819629 242782 844237 512236 89497 488083 179986 569887 501680 521558 499860 490205 959582 707279 944167 425768 660914 368931 406014 129217 710694 269949 683911 65947 493718 482691 455092 295544 346562 489236 260390 525209 977959 139713 474235 851179 77604 813593 881375 243759 301036 949755 501386 777748 360530 544504 422989 393418 742858 406090 491999 595809 734583 449125 959902 1856 879559 662246 407586 244296 530939 112380 302682 488193 744368 459232 781694 65732 575876 495053 633579 296693 865817 560781 201833 543409 537654 879282 850393 335958 429074 520278 67218 303835 544870 625743 789218 380749 530954 748832 751574 866336 173057 987211 589243 325926 268602 367100 276999 500703 626080 19515 406853 282690 205283 257272 968742 793508 876568 282669 508156 912579 162230 562523 143434 115748 153875 20644 385143 801620 323611 473683 456360 278622 602143 34182 427743 358683 812205 3567 125558 450674 682170 800392 588922 624880 580000 880647 170973 388749 80645 932507 556171 618510 417135 106978 954450 942228 75263 410968 336360 754452 684261 667981 636525 482736 774151 790689 736245 114305 692186 458251 315414 105731 390770 93904 11535 218311 793814 958467 585442 91676 689030 877939 45105 285040 45667 769244 532008 988772 647348 153581 453552 208034 353962 322765 550707 805100 382482 781957 755407 213787 225675 799787 104334 673820 249873 806222 445057 90893 919094 531238 490286 144517 849501 90562 998319 188265 298159 939265 929220 43761 70782 204276 112770 306828 407274 347606 918066 662453 138565 3270 459181 91310 424883 569060 998012 192979 812007 700526 628022 522710 147664 195857 941825 250369 374829 414341 154803 287292 992802 362476 372671 364889 803846 728737 696767 442082 975975 392763 558824 398968 208719 205315 929744 571793 928896 679970 415932 231210 701000 215885 136418 430001 836612 650498 273697 909324 130915 823211 797006 917302 566448 289366 43235 425624 988852 103271 902747 197109 163183 139680 990341 420159 868771 52557 605699 609643 916372 109580 934190 651085 603257 610556 656411 417655 170395 144255 652540 137250 891462 99997 630589 689981 169106 290421 919287 650337 657959 995500 557823 723225 442218 606259 769272 950469 199754 904538 182738 21700 377868 505973 237514 772435 497629 377590 638992 558495 384903 479217 238337 114836 446969 435773 323224 906882 353608 511243 309646 775396 822526 442820 686313 509336 391736 459268 301290 678227 902191 814674 10244 430331 28033 645334 234678 34533 888582 883128 352697 748119 497257 999095 627651 33872 405876 828568 588115 965713 754199 831271 33356 699516 267155 744586 307199 579269 490203 837583 791677 428277 831098 217892 98006 94301 423806 623767 315228 642595 550081 351115 930977 323691 618271 927905 423458 143323 635861 151356 871405 317779 264131 41216 835594 959951 26146 776280 872758 575515 185428 765698 782087 660371 82421 102659 585680 101767 382810 182648 420837 348780 15190 230284 323204 116806 148011 581723 892544 168406 374517 173509 663748 590251 55929 376323 715650 376740 828750 538730 587638 11795 312156 704753 6944 887955 383704 132413 226027 686179 480587 323738 283793 100393 308570 739972 759506 415336 720618 266690 304096 525664 675986 658214 605917 105929 570842 834193 441203 517680 640726 112046 228798 47423 588822 60422 248625 305959 148694 979765 867244 500141 723646 362605 852797 36182 841281 67703 384634 694086 962476 352427 546436 591991 534801 456189 329008 687160 463237 884393 376471 103166 322132 317749 112771 861519 910341 267438 15649 25256 429409 197174 214320 925690 341712 942125 656416 517965 376679 514027 843686 969097 303591 390863 920922 808382 74203 29997 161969 820932 767328 983567 67575 84969 229570 934981 633539 287123 958386 781232 90733 975575 132968 913394 989336 180802 103793 998863 626157 400387 630641 998922 118504 910830 660206 501299 468159 247560 117156 432762 494680 573784 696104 600246 340889 993211 975075 184493 62571 596144 164087 405813 662860 899984 504057 583830 645619 315271 551394 429405 29830 176800 151494 451056 977591 879321 729108 20288 749730 976068 166609 704293 698966 709180 372257 759978 33806 454731 556944 905801 340944 812575 647407 850820 608741 293661 931104 276176 929320 19097 811905 199203 509732 498352 919276 61462 75559 45688 932814 392524 344741 252313 549645 239050 146384 122057 844165 335024 985572 980533 399146 663671 851658 855173 808666 584549 200689 373191 732423 781205 384026 872833 437846 204054 401589 233675 843707 390623 359012 516369 528718 897632 948674 494975 59640 907332 409144 757015 909587 537520 739329 737745 484045 488222 25002 786615 913846 80139 642763 439756 448765 181836 134882 48122 372304 220338 43487 640774 711692 163521 872537 580024 246550 560160 652746 758343 225833 817565 436955 165309 908625 918307 425766 377514 753362 644246 839913 780348 789288 479984 576133 494756 909260 726613 953129 148151 877090 744640 612189 715690 778697 76822 418326 375453 648501 131155 904957 911630 997257 843138 371059 260083 760772 614310 172467 647644 847939 281868 159772 786539 529755 237821 921466 552592 63297 22202 799179 986309 902776 621038 938977 891248 816466 608649 716751 618433 799088 192972 670172 636861 773175 923236 339876 851187 729256 462302 169605 698730 722777 769113 401482 493362 396446 522316 517645 166746 569390 170977 528921 301369 502606 587952 571391 451247 371687 414460 275644 524922 162318 157914 840878 364896 971909 887359 836711 791147 43321 845290 810967 416500 960797 159101 545735 784493 622076 253471 699876 597984 269824 393256 728921 300199 617853 706701 244523 665869 480301 464292 547709 610653 967285 628824 706508 280818 186525 470375 87889 813623 738713 299792 426807 166388 399079 958590 743965 122198 277408 39763 123074 491916 417545 934237 444498 71315 603274 790023 164879 573931 816462 56693 215384 888094 8173
44
5460 5699 7162 8115 6212 8727 3665 8254 3920 1703 204 7731 5955 2613 9661 571 7385 2666 4052 2911 2975 6974 6617 2236 9601 1547 3941 3101 5835 1510 4800 6222 7269 3511 5674 7628 9917 1689 8913 2413 7901 1682 8759 9896
50
7685 4994 1183 2563 9075 4470 1897 7911 9166 7554 6594 7121 330 2701 2443 143 8069 388 8461 7446 2035 6903 8583 9555 9669 2917 2482 1753 6305 727 4449 7722 7951 4540 7825 6756 877 1191 2535 5996 6524 7763 373 8798 5069 1358 2845 2105 9208 4548
82
7500 8668 8266 1060 2557 7858 6302 7922 5472 4655 8104 4225 4271 1945 2635 2716 8709 2873 7103 9275 3825 9508 2018 898 1977 5204 5203 3247 1599 3064 907 5559 7761 4490 8910 7023 8464 3629 333 9599 8150 5692 1724 4960 2345 5218 6763 1970 9443 3676 704 793 2680 8613 7328 689 5959 6397 1753 4002 8442 4274 2933 7434 4695 9188 1332 2159 5262 4043 6441 9684 7509 4681 9184 6167 8702 328 1337 7422 8541 6055
30
5243 6271 2906 1377 2491 2028 9651 3937 7778 6338 1311 4699 4900 5978 4293 5961 636 6554 8195 8382 6575 8436 6784 4316 4889 5350 9013 6999 6855 14762
68
9108 1565 3582 2010 9038 1732 5645 2096 977 6181 2049 6127 1511 7528 5692 4321 8468 1378 1128 4171 3721 8273 3019 5447 3232 5187 8815 3436 3260 1377 2351 3162 3532 4236 5471 9006 6656 2402 7501 955 2473 6487 2148 2464 2392 5411 9224 5473 5667 4639 7594 271 9559 7107 8412 9266 462 8170 2024 7007 8575 8551 3369 1966 8490 3571 4002 9730
16
4373 5557 9427 3816 1728 3660 4792 2983 7082 7227 1367 6047 4324 5000 9113 2724
79
3699 6002 7892 1325 9100 2886 7693 9103 8354 365 7315 9482 9585 2105 8496 1766 1921 1009 272 4347 5011 3927 1518 1536 8178 4245 2440 6606 327 8362 3004 1619 7500 4948 1043 5096 294 315 104 2511 4885 6691 7095 1636 736 9771 3543 9452 693 8992 8586 488 9248 6243 2550 2486 9113 9725 6766 637 2650 451 3670 6698 9552 3258 8447 4992 8334 8615 2069 9605 3791 1024 2437 3164 3229 9184 5692
62
9805 5642 3726 1514 2256 891 1755 9909 2159 3507 4706 8299 9466 1716 5702 9791 322 2731 8390 5211 5449 4817 2529 9755 4469 3470 273 5346 6943 4381 574 3764 6294 796 193 7362 5809 3296 367 9732 6266 5323 7668 2865 1942 1528 8301 2011 8691 4595 1947 84 6517 5914 9266 8485 461 8066 7902 6950 1668 1388
79
8619 1915 5974 8501 2848 1537 3474 7129 2568 5938 4757 5238 9099 7204 2912 8985 2070 7840 4237 9934 6099 7856 8992 903 6821 6888 4859 652 1951 5002 2553 2625 2610 1791 5076 8002 3218 196 3371 7172 8276 8142 6770 6833 6713 4933 6219 5041 8687 2641 2929 1988 2544 1744 5033 7975 4308 5667 170 9624 8640 5371 1046 5505 7713 8998 2869 6281 6188 3675 1587 1809 9310 9627 3103 8851 3007 2667 7474
16
6863 8252 1129 7760 9273 8663 1117 411 3186 755 3021 469 6629 1133 3091 13792
75
8522 5023 270 8314 2880 3229 3227 3088 4540 7151 6381 4581 1508 1505 3769 5462 6915 3538 1555 7555 6512 9526 4916 6202 425 658 4084 1475 8864 3584 4273 5371 49 6692 7692 8538 2255 7905 8022 8350 3167 1563 1604 8992 2418 7441 5241 5954 5710 6996 3227 3789 3271 2328 8800 4202 782 8664 758 1625 1835 1140 2229 3210 1071 401 3140 2836 6729 2754 3912 1372 107 57 8919
45
4970 6828 4698 2461 5532 8103 7606 2896 9700 5476 5935 3053 5408 5817 4744 6208 9823 2251 3910 7251 8694 7334 3543 1398 7785 869 1637 9250 2238 5320 4433 4237 8150 2390 697 8130 7637 1979 8404 2807 2713 7056 8349 6463 4675
64
5763 6684 2890 3089 5908 2854 3831 6875 934 7217 6619 569 1505 8022 8291 5294 5859 86 9685 8634 1104 2469 9492 4994 7792 2732 329 847 9403 6926 6897 555 9271 652 6124 4176 305 7258 8059 452 593 6497 7868 3331 8063 7056 4479 2511 7195 1941 5418 3605 9806 4564 9996 5693 7175 4591 8656 2293 277 1377 7828 16365
84
5677 2078 6273 1892 2076 3720 3126 5600 340 2682 2393 543 1317 8052 1877 6332 2935 8984 6112 7154 2250 1277 4131 3060 7552 9249 4101 1400 8471 3129 312 8962 1632 7084 5145 2200 7670 1222 8508 3349 5125 8110 8881 6942 3924 8303 8149 6179 3486 1331 8789 4497 429 9595 746 4805 925 1201 8368 7085 5773 2560 7637 3669 9743 1195 6890 156 7680 6816 6955 6892 2600 823 491 6747 5860 9126 520 1759 1495 7765 3791 4834
60
7403 8236 2130 4628 1079 3360 4680 112 8057 8698 5707 4509 5135 6214 3178 3019 7978 1317 9033 2555 9087 1918 3635 1216 4340 5398 7407 6204 4721 2605 6681 1048 4118 7701 9030 7544 5612 1371 6784 9818 910 7501 8441 5282 4940 4385 5525 1535 2308 1863 4344 2868 8300 8201 9290 6616 7998 5815 1856 5198
79
6677 8322 2895 7737 1345 6732 6835 7560 5963 4964 3377 6808 3092 2468 9049 6087 4050 4075 6162 4358 5594 2522 5526 3529 5793 5776 6546 5649 6248 9566 8126 9748 2467 529 9532 2338 3866 1629 7380 4268 8936 2283 1524 6204 1230 2321 7270 8622 1519 8699 796 2737 349 5564 3097 1810 558 8283 5487 6062 5995 406 2842 1503 4058 4156 7721 1944 9986 492 2303 3016 7998 814 6174 1807 757 3541 4892
79
4410 2847 9083 1914 6305 66 236 4760 428 9297 6856 4757 4062 9436 3653 6863 1827 1588 8708 3128 4757 8141 9577 6136 4991 3401 6127 4000 7281 8318 4718 9675 3058 6716 5485 6801 8503 8172 281 8653 1424 8958 7336 9957 5751 6270 1025 3487 9017 6072 8556 4698 1851 8708 6018 9321 5649 5603 5132 975 7173 5301 1568 5211 1993 6981 1999 7301 6411 8123 3144 4931 6764 8063 84 1256 1040 5931 12883
54
3476 2606 7845 9736 9721 5951 285 7577 1449 8710 660 1036 1403 5037 3658 3968 1901 3869 29 258 6513 5526 4339 5832 4949 9684 1782 8965 1654 7684 7813 8962 9552 4120 7942 11 2017 6344 536 8844 5258 8233 1848 8357 3394 3674 7208 6616 6439 5614 8033 5712 4544 1628
16
427 8292 8215 326 7739 5881 7950 7230 3802 1310 4539 8158 9658 5100 6974 9125
44
5592 9577 3996 8680 4366 1835 1319 9481 1319 8888 4364 6423 965 247 3100 8297 9984 5672 6502 2185 3767 4821 4689 6564 9693 6892 4354 287 3706 2714 523 8716 8475 8066 4189 5735 3730 9564 4559 1587 7164 6090 1534 6607
34
1906 7115 7577 6686 6580 6596 1726 2489 5790 4968 680 5981 5937 5302 1777 3200 1383 5211 5379 4927 764 8546 3202 7943 6001 6078 6811 2618 7828 9294 4675 8446 1880 13814
25
7976 7595 6998 3958 4241 576 1234 9051 2350 4929 6327 8081 2390 3306 8472 3643 2526 4217 6075 7516 8546 544 5369 8273 4231
48
1267 2875 7034 1939 8026 8790 1016 9104 3697 2953 3264 1079 7170 5969 7826 637 2872 7268 3310 7458 8927 3065 8060 6761 1680 7059 7071 1382 781 4136 5556 7116 2436 5056 6022 8515 4125 983 7620 1198 9622 5933 6251 7166 3793 2144 4091 9989
13
9137 6617 4233 6311 7848 4408 7973 3911 8940 3177 5432 7114 3523
10
9822 892 6674 5141 287 9411 4489 1873 2549 4564
40
1948 6754 9769 8950 9348 1588 5987 45 6349 4723 3945 3930 8131 5951 9734 3591 9948 4471 771 8576 3967 7577 2493 6016 8061 6538 7821 9991 8304 6714 6882 2413 2875 9123 2523 7539 3522 3838 9180 5428
56
4380 9129 4435 593 2587 6673 4147 3406 4170 8175 2335 2742 8661 7147 7220 2528 8258 7602 22 1824 1946 2688 5262 9731 1656 6858 4431 9955 2793 6390 2943 2299 931 2620 6947 6842 4247 3349 5382 8677 703 2225 6747 9237 6794 4186 7208 2032 5092 8724 82 8124 5480 732 7440 1421
95
2201 2438 5696 4258 8455 8468 896 4191 8995 3299 4467 4770 1616 3069 9715 2715 8271 4252 8680 1271 4365 2515 8297 6441 8042 9754 4962 1624 129 3043 481 6456 206 8933 6820 2948 3811 7621 41 4398 5275 5544 8903 5971 2921 8341 4086 9706 6958 5289 7337 1461 8151 3211 9650 9295 3140 4085 7334 281 3369 8116 6048 3941 2736 2261 983 7960 2538 7838 7658 2643 2587 8711 9934 5652 9662 9587 5133 4310 8352 3551 7617 4016 38 17 5827 9258 6619 5711 9201 8460 5062 8084 8824
49
7430 1295 9889 1425 9428 3251 2065 7014 1138 5468 4860 8603 5613 3354 2047 6952 5549 349 4535 5821 3927 1052 6752 9460 7903 5716 8201 9562 975 8985 9068 4848 9457 7788 2258 3073 8736 9719 516 203 1325 2828 8679 4709 8762 9107 9456 9512 6771
8
284 7684 3903 8737 3999 4797 2600 9484
56
5322 1012 6471 5749 9322 4604 1173 7306 6026 9324 1361 6816 2052 4333 9578 3253 1434 9367 8060 40 8574 5556 4752 3572 2350 6164 5102 1331 4531 9785 3160 9085 6858 735 1951 8757 7202 2978 560 7237 8516 3644 3080 9400 5257 6506 6053 980 7102 1985 1111 4252 2528 6599 3608 7808
51
1976 5283 3229 9746 2665 9743 2368 5332 1355 2756 3085 1949 2625 835 8195 1450 5719 8382 8766 8951 1539 5691 5801 5250 8999 3711 1007 8058 4011 8066 1451 4805 9178 4810 5321 4047 9820 5182 3470 1980 512 794 4274 9600 9622 5682 7115 5192 6674 7797 11333
72
5000 9144 2789 7233 8269 8056 3402 6447 6486 8197 4988 5922 7776 5006 7782 6129 6084 3648 2552 3205 6364 2626 1620 3267 8865 4847 5616 4183 380 5936 217 6620 6236 5068 5745 5139 3531 1842 1944 329 4745 5345 639 9800 9451 2553 5804 2048 1223 8597 9571 7394 1897 3414 2135 5473 5376 1165 8217 8244 9688 4957 6736 2618 2646 4623 4422 5042 1116 521 4255 11817
14
7399 137 1601 2203 550 7962 112 6468 6190 6629 7237 5856 268 7390
34
2268 1722 4785 7438 2622 4957 4607 5431 2466 6100 7253 5200 6874 2440 6777 5349 4723 6805 9561 4651 6221 1180 6070 9771 7865 2209 3130 7243 3305 1954 5804 2854 3274 6517
28
8299 4586 9549 9494 294 5546 1145 5191 277 9988 2784 6198 1164 5566 8959 8739 2064 1499 7579 1103 348 1973 617 2291 7339 8401 4845 9914
72
8852 8533 5860 3374 6215 5246 8782 6178 4418 1880 400 5680 8095 3063 1031 1672 9186 4417 1049 3664 1180 6386 56 708 3988 3825 9300 9166 810 5920 2794 7544 7576 8100 6317 161 8231 1565 2671 3895 9588 8131 6068 4161 2598 8154 9692 6317 4907 4941 3053 7917 6114 5881 9351 716 8621 9899 7149 3970 5474 213 7180 8082 9815 5878 9377 9232 738 9357 8836 13580
24
6817 7425 6884 2006 7252 9321 3904 6764 210 554 4394 8686 7676 5960 7319 1240 3962 8657 3136 4185 4153 4177 7240 14806
22
2878 6394 9571 1902 7187 4598 6052 495 4085 6660 3952 1099 5593 3362 9702 3672 2922 1076 1143 3790 3969 3470
56
6974 3278 4655 4700 4439 9580 1509 3824 1759 8938 6501 1641 5654 738 1312 2255 3565 7337 4123 5027 8277 8774 6734 4724 3903 4007 4811 1520 9745 411 6303 2827 1038 5042 2683 1299 5278 9013 561 7813 6266 357 5135 2511 7804 288 1162 6369 9464 5868 9 6511 5646 8942 1012 6562
36
9598 4611 8219 8399 9584 8994 1199 3044 3389 7698 5879 5788 7851 4124 1119 8616 7093 35 947 2512 5276 4976 3329 9926 8788 4068 7778 6639 8225 399 2731 7584 2557 590 4895 16222
28
992 6243 9229 4751 9109 2092 5699 2406 8590 9708 6475 5131 6385 2627 5452 339 9826 3517 1546 2375 1628 2593 5288 7004 4687 7890 6017 6084
100
5868 5843 798 404 8797 918 9028 2748 4996 2300 563 4279 4638 879 1824 9535 6409 3358 3947 9129 5623 6278 326 4110 3669 7065 2275 8832 9813 4831 7629 8303 3684 1677 9662 8983 4837 4648 7704 7321 4107 7188 183 9155 8340 1092 401 6076 8474 3699 9853 4755 9416 4887 2840 5370 9952 5666 4587 1492 9574 8390 4430 6672 5891 9720 2450 3722 9616 9356 6529 3781 288 6593 7582 4298 1266 8160 6873 8362 7405 3543 7323 2876 8241 9154 4647 5316 6339 9003 1745 7593 9755 1644 6000 3143 9095 3201 3568 1944
95
4044 3047 3697 7061 9476 6091 3281 5411 2640 993 3050 1953 8197 4131 4414 8892 373 9071 8722 9049 4553 1425 5577 5139 8024 1536 2242 9221 4251 7937 3665 7613 5220 6899 2496 5901 3396 2430 2546 9429 7050 3121 3854 6180 4852 5029 1693 792 4147 1636 6463 3505 9898 995 4916 8329 9255 7580 8226 6931 6365 2404 3653 6169 7654 4635 888 7767 3967 4679 3902 6856 2884 5626 4120 5706 3040 1990 2090 6991 487 4183 2445 1419 6732 829 5434 4421 762 473 5782 5860 8551 1291 13792
5
6445 4976 2830 7614 7405
98
1140 9618 1295 7053 2312 1799 2111 1507 9788 4388 4139 8103 7457 7166 9592 3695 4822 4996 511 2877 820 8250 6010 5254 3786 6942 7103 8816 2047 3945 162 1296 6294 6692 7744 5154 2743 3053 5008 3614 9296 8557 2516 514 9472 8937 2721 3403 3357 412 943 648 5380 1155 4261 9679 9653 2686 465 5067 4555 2987 9230 6728 4977 6863 3611 8140 3964 3807 9763 7224 3633 7381 7277 5913 4921 7166 8903 619 4398 6092 7249 6861 7023 2267 2894 2085 3868 9172 9392 8223 5928 1613 9740 8787 5065 9721
92
6927 1800 7135 9810 229 153 8365 2349 7799 1579 1378 1208 9964 34 1133 8968 1026 9584 8354 8824 6292 4352 8951 6369 9654 5370 5969 2992 3524 3435 2707 1835 6948 6808 6578 333 5963 8352 4453 1319 9786 4932 4846 84 9502 1773 9607 8620 3107 9652 7280 5056 3527 8334 2450 4815 4586 5805 4035 8935 1061 8688 9581 905 8413 7060 6238 4826 4603 5047 2729 8757 9990 4124 6875 5113 6746 670 6404 6926 5995 1232 8283 4519 7165 9815 6496 8610 1908 7749 604 4659
18
5838 6581 4989 3143 2723 5410 4713 7621 8307 7434 4452 967 3467 802 1777 2005 6720 14971
12
6798 3512 6638 9695 1654 1638 2370 4457 4715 3430 2559 9425
12
4007 2022 6062 2739 7265 1562 438 5959 3314 7926 3162 3876
23
3151 7452 9027 6880 1771 2555 5026 9951 3244 3848 2361 1868 5823 8770 2371 2930 9609 6040 8722 1450 1919 9603 1165
14
4647 6293 7238 8834 6643 1252 9901 809 143 4881 820 6954 2835 3190
94
3526 3452 6702 4345 9137 6174 9512 1920 1220 1953 1029 6842 9994 3725 4622 3174 6201 6056 6040 4405 8044 9798 511 6145 5623 3861 8989 8553 7088 9902 5545 155 7129 7970 3456 711 8586 1328 4155 495 1911 1966 5961 1208 1758 7880 3919 7053 8322 6279 4319 6278 6108 8012 5996 3532 5068 7173 1517 5054 1800 4692 3238 5299 9026 7938 346 9470 6525 2636 562 7333 9220 9302 8566 4360 7711 7797 3864 3286 6804 2255 6716 3124 3358 958 3196 3795 5389 6676 9816 8242 2745 7104
76
6867 9719 111 2353 2395 3134 5503 4886 4324 3677 4939 9986 4665 8070 1684 8478 3478 8230 8699 4990 1341 7901 7346 8608 5478 9564 5229 2792 3815 9590 7516 1848 1652 2379 8512 858 5958 8899 3972 1602 4249 2093 9546 6840 5638 3563 1200 31 3246 7426 7522 9527 8280 4172 1187 4506 1855 4978 1016 5601 5084 2914 5746 6858 365 3526 1389 6188 6651 3994 6998 6364 2548 1410 3726 9763
79
6473 8868 715 796 4800 6213 4923 9487 5711 2658 514 5144 4109 5185 7712 2565 3688 6465 4731 5077 3542 7552 886 4507 1162 6235 411 9337 5480 5161 4926 6582 1004 2313 6596 8905 1640 4996 5317 3624 5863 9131 8895 5599 5406 6881 5328 5780 5682 3152 1553 6896 2043 7045 9667 5579 2199 1087 6492 9171 6790 1267 1806 9405 6649 6645 3704 2269 5146 7641 9457 6758 4601 6450 7377 5703 6654 5453 5482
69
4534 6172 4585 9527 3069 4905 6611 9201 9842 8798 9975 1741 9017 5385 9020 9186 3196 1861 2408 1235 627 1638 5736 2321 4385 2891 8670 6267 8344 691 3211 201 9667 9165 9157 1824 6684 9661 2807 7444 718 9663 4941 9879 6939 758 6612 3096 6645 27 7524 5662 9739 197 9285 2006 8839 7667 6385 7618 7446 2018 7804 3996 9147 9958 6476 7025 10475
15
8811 7942 5709 428 8372 9473 7608 5289 456 6157 4408 5864 3188 559 104
72
2928 551 9861 8289 7513 9170 923 214 8725 4378 1787 9773 3207 7453 3597 3793 6480 7624 4470 1071 2128 3581 8524 3078 5413 6997 8985 7374 1908 7142 7061 4513 6253 2327 9025 4537 9877 1499 6042 8758 872 2260 8163 351 9958 7759 7844 6087 4280 465 9333 1435 6933 4685 4262 3683 2172 8893 776 7780 6229 7511 5021 670 3113 6928 6521 1663 5315 982 5446 3321
27
9093 48 5634 9159 7745 2390 3545 6922 1800 7207 5383 5226 2051 1586 3175 1577 9460 3600 8211 4089 8423 6837 9401 8751 6662 4489 15308
31
5523 4144 2849 7311 706 633 7438 1757 8512 2421 8833 1915 461 3346 1986 6448 9214 7162 8068 611 9142 1717 9846 5927 3442 8688 5733 4063 6241 2840 5464
63
5094 2359 2034 6158 5350 8322 6940 5071 2415 2140 3067 7432 4345 6522 290 691 8954 9346 6387 5754 558 1763 9262 8331 6304 4552 8854 1869 7403 5558 3250 7635 5657 2221 7341 5862 747 3436 6235 9776 3342 6473 2762 6105 148 3663 1718 9207 3775 9609 3849 8669 110 4393 3650 5005 6237 8567 3749 5481 2919 712 8062
40
9961 2363 5871 5872 7999 4908 2530 1166 8365 2465 7603 9880 4590 1881 6443 3449 9979 7135 6394 6552 8308 1387 3301 2068 8294 6339 9090 6903 7459 5184 4614 4696 1915 320 7556 303 1205 3399 2666 12861
67
5679 2768 4032 1875 1037 3604 5685 2318 8114 4549 1971 4689 4687 3869 823 2283 1916 73 2320 9986 2254 8564 8755 9926 2654 6233 9380 1890 9751 4866 8506 6610 7156 8059 6837 5054 4526 5085 3664 6832 6649 9179 3809 2304 2020 6002 9109 4063 7474 2553 3099 8029 3413 8294 2818 1403 8631 4633 2071 5047 3383 5403 3317 7667 7593 2769 15506
89
4360 4550 564 8135 3215 4297 3918 3418 167 6263 9313 4452 4416 2130 261 4333 4212 852 2695 977 1 9323 4795 5761 9738 6035 9750 2556 4219 4067 8483 8545 9522 67 4037 2242 6125 3497 2229 6314 5838 2347 2081 3830 7359 3727 3908 7328 162 4897 7277 6312 1226 3611 2326 2845 8657 3043 8771 4455 817 5409 6334 4172 8837 3402 6779 7271 6520 6441 765 9291 3180 3008 2015 6895 4622 390 2675 9568 7714 3340 862 6364 5408 4562 9605 6671 12171
3
321 3316 3509
30
9739 458 2926 4340 3768 7872 8212 511 5400 6547 6460 5113 8409 3819 7236 4100 4568 9827 3157 9546 2287 5379 2949 7320 4669 8925 1267 2846 663 5596
5
4644 9012 76 6002 9774
27
8204 651 296 9765 1121 3526 6919 224 7462 9083 9052 6589 8766 2637 233 8425 8555 4675 5779 1592 2677 9936 5354 7339 8759 7986 8551
96
4481 2253 9223 1629 4088 7074 8272 3781 8338 7462 5778 7689 4439 9634 6404 5428 4900 7817 1588 4873 8577 5929 1372 9958 3536 4096 4782 6496 8416 3093 8025 1394 41 4463 5731 5044 4828 2067 1201 9191 8216 5950 4832 5193 6711 6364 8161 6209 1457 5664 7106 5774 5102 4631 8179 4153 3107 328 9373 1575 507 6057 1581 7558 9023 129 6104 7607 7161 8598 6854 4082 6977 4850 3127 2011 196 9238 4204 9776 637 1658 6089 8811 5396 6394 9012 3781 7063 5459 7354 5909 9224 9451 7564 4510
94
8417 4174 2449 226 4524 9591 9927 3501 92 1621 4249 6292 4051 659 6627 8187 9811 2270 6400 5971 1862 1168 725 1038 1229 8373 4734 5878 3103 6397 1086 5397 4599 9346 3558 5216 6457 5407 6862 2805 6073 7770 8926 9754 3197 1219 5075 9979 1583 2785 9209 3229 2555 6935 73 5189 287 3620 8258 6533 7943 4917 7101 8820 1963 5560 1409 6338 2278 2955 2437 3676 1701 8209 2874 9937 1966 7248 8187 6330 9825 4304 5853 3485 6142 4914 7108 9956 5918 924 9269 4747 9881 2421
53
3439 222 9053 3340 2530 8773 9405 3716 5680 4432 9114 9934 1123 7053 8443 1615 2546 607 4330 3438 4643 63 2984 8611 743 8367 2653 3179 2720 9130 6102 3252 6579 1643 6445 1037 6365 9755 6327 9558 6884 6619 2130 6678 2323 7220 6114 2032 2617 6653 734 2795 6115
42
9886 9751 2964 3735 7406 4109 3888 4702 2716 6909 7843 2028 4018 7133 9812 3540 757 1631 1174 5793 8109 500 4765 9079 9824 57 7632 994 6612 8429 4849 298 8314 5967 5269 8571 9421 8600 9894 2255 4625 4890
60
1282 9276 1145 2444 8687 9125 6981 5441 5033 4838 1149 1436 3961 4639 2700 4911 4870 8319 6275 4929 8608 8656 2864 6046 1938 7487 6972 3337 1617 9549 2681 5389 7840 5343 9330 8852 8735 658 5934 2002 6190 3862 6567 6898 4738 7644 8749 6615 99 4033 1083 5371 6143 7213 9575 4024 6691 1882 3359 9443
16
7099 3371 5581 1672 5250 9970 8784 6137 4759 6170 5249 5075 1086 5513 9734 14434
3
5791 9241 12934
50
4498 4478 1073 6899 2094 3022 719 2393 3537 1937 9618 1568 5789 6065 6400 1404 6195 6939 1994 586 9920 4160 136 2940 2397 1922 2447 3634 5092 1280 9245 7100 4975 199 344 5165 4916 5696 1774 7510 9426 9993 7615 8850 7957 1632 4421 8657 9654 8491
20
9017 7467 9343 5729 4280 5320 4984 5071 9414 4850 3958 1509 5172 3671 6125 6889 2926 1232 35 11414
11
2208 699 6025 1485 1391 7077 8061 5640 6539 468 9649
52
6957 9060 8271 2811 1865 6002 1733 629 6864 2562 3530 9559 9431 4536 7264 1677 703 9774 3907 1078 2832 3477 3074 9128 5335 2655 2952 4129 9042 1065 7869 8895 8443 5880 2357 842 1776 1211 7234 6425 1164 2638 6011 5764 8700 2407 1892 8049 6862 557 6091 3867
74
5588 7481 9654 694 2870 7564 72 4092 433 2905 456 9828 9092 9472 23 9202 6568 1909 7169 6334 281 4954 5724 6845 1671 3502 5868 5732 3627 9240 3911 9297 4482 5609 9925 862 8520 1903 6635 7011 9485 900 9271 9024 7914 2820 969 8175 8469 5831 9873 7261 3069 5566 5528 9970 3010 2569 5218 1746 7663 7116 2712 8035 1308 4936 4970 9186 7981 9528 8514 7005 3101 6068
75
7200 1456 4411 7050 4107 5318 4830 9817 2341 356 7522 780 8398 6775 9757 6248 7490 2248 205 3786 752 589 5567 866 7311 4812 8536 4570 2431 434 1008 1762 199 5282 1936 2015 4612 7009 1544 3889 9495 1726 6067 428 7156 4449 5188 326 2553 9974 5618 6755 4522 130 7830 1045 5808 3844 5103 7927 67 1343 6220 2566 3877 4804 4842 7168 9943 6717 4398 7534 528 4173 7490
24
40 6520 8790 835 5116 7882 7362 9878 4094 3671 9109 5075 4954 4475 7005 6959 2051 1216 8079 4728 8304 4193 5414 1804
6
1125 3660 3414 1199 3787 3355
43
9374 7536 9311 9627 2724 6687 8915 5873 7708 2036 7884 8549 2173 76 9068 6865 7771 2725 9930 5328 4957 7910 8470 4628 7348 4694 7731 1616 6765 2721 5326 2439 6148 7947 8425 3308 1013 8097 7668 882 4984 1945 13598
100
4906 3880 6025 4506 3713 6200 9015 8031 1377 7390 1120 1788 3097 5605 5663 5704 9804 6311 8965 9459 7734 4345 2829 6564 4281 1683 2264 6955 3403 8177 5571 1762 2890 4864 7169 1346 8417 6149 3502 2815 8208 9899 9145 1723 9995 6218 5412 4609 7615 6533 4384 6088 388 5319 9228 2609 2752 8096 974 384 1315 9121 6029 53 5582 1138 161 2011 62 4757 3249 741 8614 6752 684 2032 7788 783 6960 3125 1594 8700 1274 4231 1283 5571 5135 924 391 9701 1452 2178 6279 8246 6827 7680 9582 8437 3144 16128
58
8164 9307 4821 2203 709 1559 335 3033 9478 2272 6222 4410 9711 4679 7265 4440 4845 9334 3314 429 3351 6360 8346 586 8855 7785 9517 4952 5375 5642 3970 811 1820 279 6162 4529 5059 7447 154 6670 6417 7389 7508 1989 2283 1138 2067 5824 4596 6298 963 5925 2812 7458 3868 4931 1741 16257
