100
5
1 2 3 4 5
3
3 5 6
2
5 6
2
5 5
15
87302 583809 397752 914661 614482 522525 938170 285681 848594 422135 676025 968658 806758 604706 895700
15
805566 24398 428605 859577 753004 451118 229337 347119 429745 115453 936899 647939 529747 182066 322452
4
334435 366148 736519 766240
2
136682 855132
5
563459 532558 217183 753429 562695
2
711998 376745
10
651071 802277 180804 190709 205333 182173 789082 859412 362846 33779
13
861642 770108 582005 798882 325033 594356 271032 404665 379397 497341 1601 437285 600289
14
709285 150924 392719 755993 83474 864122 47029 674000 565294 958028 369568 308948 179696 387284
6
578865 278527 179782 866693 68632 155925
5
7651 7346 9550 7705 90
15
7882 5194 475 221 2462 7220 1552 5609 7515 5673 7294 8007 7240 66 6615
13
2582 1431 511 4503 1626 7718 5834 3761 3402 902 1318 8906 14030
9
5722 7514 1649 3943 1346 1154 3746 5305 6605
7
5579 296 8528 182 4029 7145 8529
4
211 1378 5829 4980
15
5314 8797 4165 5278 9577 266 9108 3010 4399 9366 4370 9209 6717 1475 9764
11
3203 9634 2435 1834 2534 7122 3983 6090 9121 7143 5567
5
851 5102 1787 7593 5498
4
3978 8287 6374 14131
9
5190 8496 6398 1032 894 2200 8232 3779 3213
11
4451 2299 720 7065 5288 9296 2048 3636 8307 7266 2572
5
7192 4173 1 4625 7749
8
4000 3759 805 8707 1391 4222 4666 2725
3
8817 9390 1759
15
8690 6841 1967 2242 333 7333 187 9226 6649 8544 4592 8541 4487 3145 6277
2
7878 5503
14
825 3867 4803 6011 905 8668 618 286 9037 5266 8980 3451 9802 9367
6
740 5547 924 7474 2507 42
7
2658 2174 8714 4362 7417 4137 7617
12
1239 9924 1011 6439 548 387 8396 9667 311 3388 3649 15397
7
3697 4031 6992 4255 366 6465 4654
8
6872 314 9425 9586 4872 1262 4525 7178
11
8986 7701 7869 7193 3126 2343 8112 5842 3297 8631 424
4
5444 5510 6289 140
3
1534 2926 3728
4
7290 8553 8464 5893
7
3268 5436 8984 7475 732 7787 15204
13
1302 381 6630 1639 5290 4066 930 1506 8063 9297 9619 9655 15848
2
4073 9893
15
3307 1187 1633 2802 955 4788 2311 3844 3603 9782 9553 7408 6708 2040 8394
4
8616 5940 3943 14843
11
1103 1394 8733 1796 7200 4407 4652 5783 6583 1418 12725
2
7643 6063
15
7099 3435 8996 8175 810 1253 4887 6288 7534 9915 8930 3437 6172 5033 14780
4
3316 5462 8962 15008
15
6137 963 9965 6158 4865 5763 4659 7197 9721 5893 5730 8157 1747 5224 2133
15
3879 5470 3105 4328 7850 4650 4912 7935 5355 9984 5842 4596 2998 6405 8577
2
7467 1820
3
6938 7377 1995
6
5372 4070 3876 2528 7134 1536
5
6814 4208 3860 8984 8368
4
4272 3663 4684 6079
8
4660 1104 535 6699 1747 4732 7374 1593
9
9871 5263 883 8199 2068 5800 1086 3724 1402
6
5765 1513 3973 5501 5780 7936
8
8315 8179 4719 3254 4699 3364 5627 11221
6
8511 7372 1576 3390 8039 5214
4
9551 706 7 6367
7
7592 5099 1808 1092 6580 6397 1516
3
5906 5682 288
13
440 2921 8752 4378 3713 4472 1198 4771 9761 6711 6826 41 5786
8
2009 6421 3457 5176 8330 1330 2671 10402
6
7070 550 2661 797 5433 1529
3
743 3737 3198
2
4183 6249
8
2152 3347 3954 4332 7155 121 6975 6736
11
7687 501 8945 8623 635 6225 9919 9718 3234 2093 320
15
9152 1841 5679 4193 9261 2283 9565 1783 1822 1325 6773 448 3979 2780 12546
5
7015 7012 1329 5188 4470
7
6013 5182 61 3050 1628 7703 4622
12
3744 2573 5429 5206 8407 9263 8328 2166 1988 4373 2735 9326
3
2619 2435 952
9
1594 9037 8979 939 6138 1260 4906 1581 990
15
4422 3492 1722 4426 6116 7052 7549 5144 100 2619 1511 8937 1216 672 9518
10
998 5085 5407 1797 6765 8968 8260 4148 9209 10445
12
3272 3755 9387 6478 2858 2186 5409 136 1980 4151 3569 13301
7
3147 2299 4500 8692 4003 7856 9667
14
5579 3674 3042 4021 2351 967 1 7013 8184 2853 38 8275 9932 7214
5
7675 3495 2622 5708 3118
6
2682 4464 5281 9637 3461 4753
14
1340 5479 2880 374 701 6207 392 638 6253 2695 4486 5881 3885 132
2
5849 4437
6
7085 4942 3466 2699 3381 181
13
4531 7534 9730 1271 9275 7064 2243 9536 6256 8884 1959 3705 3858
3
3871 7876 9066
3
151 1832 1983
3
7979 4692 2214
15
8928 1582 1418 4232 8724 2094 8508 3755 6691 955 6216 4534 1910 6054 1416
5
7981 6952 819 210 2020
8
2495 8592 58 6851 3749 7522 917 8836
10
230 3401 8874 382 5920 6370 8388 1349 3644 4136
11
5598 5621 6772 2000 2097 6996 1180 3837 2205 9581 4299
5
4845 3310 4228 3742 5793
12
64 1177 9306 3947 1811 6865 3755 3389 4863 9472 2946 3521
7
7560 2582 2896 4675 3521 9631 7137
