31
70 46 15 44 19 96 18 72 66 23 45 39 51 22 63 93 47 80 17 80 32 30 62 71 58 53 58 17 27 38 21
40
74 11 58 71 23 70 88 45 4 47 5 51 41 37 14 37 70 46 68 99 9 1 93 40 84 44 87 67 39 1 45 28 2 11 66 40 65 92 70 78
93
72 76 85 26 12 31 21 39 22 48 81 70 23 26 73 19 19 87 80 84 22 7 3 3 77 49 30 72 74 72 78 77 91 7 37 25 9 15 73 14 66 28 18 54 64 59 80 86 93 22 46 5 91 94 71 66 74 83 49 64 1 50 66 50 70 5 80 17 90 49 11 5 15 67 18 95 90 50 39 19 69 45 80 53 27 73 87 97 36 72 52 26 66
18
14 16 63 69 84 60 79 64 97 45 12 42 91 25 76 77 76 25
50
30 95 56 71 13 23 97 18 83 82 18 97 85 39 5 53 3 33 22 66 79 40 6 49 35 41 85 83 63 21 59 96 28 81 37 15 59 46 50 46 88 42 97 83 79 48 28 3 87 72
76
45 55 60 67 90 90 7 36 73 38 15 56 62 23 23 70 5 3 91 95 57 84 77 78 37 44 24 71 88 14 82 97 92 48 14 42 69 15 47 26 52 10 77 8 74 87 36 60 57 79 23 1 96 77 17 62 79 82 30 47 66 36 49 60 57 19 65 15 9 81 1 90 56 65 44 48
15
69 5 51 8 65 15 9 91 82 1 15 31 53 63 87
86
100 61 16 62 18 52 56 23 22 51 76 78 34 45 32 34 70 55 10 78 80 39 2 22 40 69 75 19 50 84 57 19 15 6 57 5 28 86 90 18 50 28 87 15 39 32 58 37 69 81 61 98 54 10 6 61 59 94 22 49 77 37 73 38 94 58 64 29 89 28 7 84 66 93 28 52 53 88 84 8 12 39 50 69 24 59
19
2 54 60 3 58 8 10 67 57 6 6 9 75 55 47 79 10 68 9
89
35 82 7 8 50 70 21 49 91 47 68 82 13 30 81 38 50 92 89 19 95 58 91 82 69 15 76 50 57 47 41 68 77 1 76 21 47 52 53 89 87 62 76 10 39 24 96 45 74 9 30 18 80 90 95 78 91 26 39 35 94 72 92 45 6 100 5 13 55 61 91 98 40 1 33 33 82 82 43 45 20 32 76 48 17 23 89 87 7
98
30 22 13 19 95 16 71 32 5 40 20 84 91 14 18 33 79 80 58 62 96 10 84 95 15 63 97 45 29 83 11 18 6 57 31 70 86 21 6 18 62 51 77 4 26 37 41 63 30 85 44 10 30 45 3 21 39 19 4 33 20 27 3 22 29 3 79 35 83 49 47 59 75 41 100 45 33 80 69 79 23 34 15 45 39 2 88 61 55 11 32 67 17 73 98 36 49 55
99
24 59 6 80 82 38 86 36 90 46 58 89 59 50 26 11 86 12 59 84 28 15 18 81 73 17 81 43 2 43 65 97 78 6 46 21 17 54 34 8 53 66 99 16 97 22 74 17 92 62 13 25 90 72 47 9 41 26 8 66 57 44 34 47 81 61 11 53 5 5 95 32 79 52 31 62 3 84 51 43 64 51 40 30 41 8 7 60 37 80 91 47 68 51 10 33 53 35 37
0
