10
1 29 29 35 33 24 21 34 12 15
10
1 20 16 1 11 25 32 5 40 22
10
10 16 24 33 7 29 10 37 40 39
13
37 11 40 21 24 25 13 6 14 24 12 34 17
15
2 3 40 32 29 33 2 23 1 11 21 2 22 18 30
16
38 5 8 25 25 19 17 15 19 16 27 23 11 7 20 25
19
23 3 35 17 29 27 7 27 33 37 24 26 26 14 13 7 19 13 34
17
36 35 26 27 8 10 3 17 20 14 10 10 28 16 36 13 32
11
22 21 13 39 15 40 9 37 31 22 16
15
33 3 16 37 4 29 18 9 9 19 24 31 7 19 27
13
38 10 18 1 16 13 31 14 19 38 21 26 18
12
20 21 1 39 21 8 34 32 12 8 35 23
19
4 38 23 32 36 14 35 39 21 4 16 6 21 12 3 19 7 8 33
17
38 40 3 31 8 38 20 20 7 39 11 6 33 15 28 17 37
11
25 13 24 14 39 18 25 34 1 36 32
10
40 3 24 6 37 13 20 18 26 28
10
22 10 36 19 2 24 10 37 20 12
10
13 16 4 33 26 12 3 26 1 13
10
7 4 12 35 31 6 3 38 19 40
10
31 10 16 35 3 35 34 28 25 12
0
