12
10 39 23 14 21 32 4 39 9 40 11 15
29
20 12 1 12 14 7 23 29 6 25 31 9 23 23 14 10 17 4 23 25 5 7 32 18 27 29 27 19 20
13
13 23 34 1 24 21 17 26 5 37 39 18 4
16
33 6 38 9 30 29 32 37 28 30 34 13 21 24 25 26
20
5 10 40 13 8 16 23 39 34 33 32 39 26 27 28 4 18 26 22 31
18
29 31 15 16 35 4 7 12 1 34 1 20 17 34 8 5 1 25
24
16 11 37 36 1 38 3 4 7 10 3 39 4 35 3 17 19 26 37 13 13 17 28 33
29
31 19 10 33 20 39 17 1 32 16 8 32 36 14 18 33 40 1 2 38 36 38 26 14 18 29 19 5 13
18
39 23 5 36 11 20 33 11 27 11 27 38 13 19 36 25 24 12
19
20 13 16 27 36 5 34 33 37 15 31 21 13 29 14 17 25 28 40
11
39 1 30 14 31 12 38 25 8 19 34
0
