10
49 44 13 14 36 53 6 21 29 24
22
13 47 45 18 39 44 60 45 26 39 26 4 16 46 54 17 2 21 29 49 27 19
26
35 11 50 19 10 30 27 10 9 26 48 42 43 45 21 50 60 30 16 27 23 24 40 58 29 42
28
4 1 1 35 59 55 14 11 7 50 26 51 15 59 30 17 39 28 5 12 32 42 31 29 19 12 53 10
15
31 52 51 28 54 24 9 9 51 50 47 29 35 14 60
27
40 1 28 54 7 2 30 24 31 5 23 30 32 16 48 2 5 60 37 59 35 23 22 35 22 8 48
29
18 43 58 28 32 55 40 11 25 17 5 30 22 28 58 49 2 39 38 36 2 46 25 36 38 2 60 17 40
36
32 60 14 52 6 48 8 55 59 37 36 38 38 48 56 7 37 8 25 33 34 43 31 13 38 33 18 22 50 31 55 23 31 32 45 5
17
31 22 11 41 7 40 1 60 25 8 37 41 31 25 53 53 8
19
50 30 2 14 33 30 46 5 29 43 14 7 7 3 51 52 6 46 15
35
27 3 30 13 13 26 41 42 19 6 3 31 24 12 56 36 14 17 50 41 56 2 12 19 47 19 2 35 50 40 19 7 39 16 53
0
