21
12 18 47 4 39 3 42 50 56 5 37 18 18 7 48 53 24 36 22 3 51
15
52 8 53 30 8 43 4 11 40 20 3 35 57 29 14
44
17 17 16 55 57 13 29 32 10 60 37 33 4 57 58 44 28 4 27 40 12 10 56 60 47 46 26 17 16 43 10 19 39 32 19 6 48 56 13 40 39 21 21 8
41
1 52 49 49 55 16 39 42 55 57 36 17 17 6 50 12 45 32 49 2 52 28 4 54 18 48 38 34 7 31 23 36 3 16 33 51 19 33 22 52 33
14
17 21 52 34 2 49 43 26 8 25 44 50 56 34
41
56 31 7 39 5 35 25 34 60 14 2 33 60 54 12 10 58 29 46 12 44 3 45 46 50 51 41 23 58 53 13 20 60 3 23 3 16 14 28 32 53
41
52 21 60 16 44 33 57 15 46 22 11 23 5 54 46 21 50 14 55 2 36 8 1 43 34 58 31 9 55 45 1 15 19 57 12 25 47 34 8 8 26
38
7 52 10 38 59 30 17 55 25 15 37 51 11 44 20 18 43 47 3 49 21 2 21 56 4 9 43 22 35 16 7 47 37 54 1 9 33 56
25
9 16 48 48 34 27 26 39 47 1 39 31 57 31 20 55 32 25 24 20 10 38 18 28 33
37
24 22 42 43 19 28 27 15 40 60 41 56 20 18 40 57 18 41 25 53 1 26 41 33 1 14 50 25 14 31 58 21 16 54 3 4 57
23
38 3 41 40 58 42 9 43 6 38 2 1 10 2 20 41 27 15 36 60 14 58 14
42
20 35 20 18 25 9 44 45 1 11 20 19 36 14 6 23 49 21 38 33 3 42 42 19 55 55 39 53 5 15 7 40 49 52 21 24 22 52 19 57 55 17
0
