28
42 25 58 7 3 53 41 56 47 16 43 28 6 44 42 12 55 47 45 46 56 19 58 3 2 35 60 51
20
37 7 7 6 47 53 48 13 39 39 49 34 27 23 28 56 5 28 54 51
45
49 59 21 16 42 32 53 1 58 54 28 42 12 21 2 34 38 7 33 15 54 34 33 34 44 50 12 44 4 51 48 44 19 59 49 1 48 24 6 16 12 7 32 32 36
15
24 59 13 54 9 58 43 10 49 16 26 48 33 52 21
17
57 8 6 44 24 14 33 2 47 14 2 17 4 48 2 1 58
40
27 13 31 11 43 51 2 9 11 33 35 1 52 14 56 3 10 25 27 52 43 11 26 11 8 56 57 27 7 1 15 26 50 56 26 9 39 47 26 16
45
16 3 60 27 46 22 48 22 2 39 37 35 6 54 16 47 20 3 47 55 36 2 10 19 10 11 57 49 47 25 23 60 11 10 28 8 26 45 22 34 9 5 6 23 38
33
7 60 27 48 35 2 1 43 3 26 36 37 18 6 1 59 9 30 22 10 31 37 18 35 54 14 54 37 10 55 4 36 1
33
41 42 54 39 21 37 25 24 37 56 14 26 56 10 45 29 38 41 49 21 58 31 43 52 55 22 9 25 34 8 22 1 37
38
41 31 28 14 16 18 19 54 14 10 46 27 30 19 57 47 29 58 13 4 42 7 12 30 4 37 21 23 57 29 30 59 4 56 27 51 56 9
35
33 17 6 20 12 3 26 57 48 40 56 38 33 42 38 53 35 19 58 11 40 58 56 58 45 41 48 23 35 53 7 52 21 28 40
49
37 47 60 28 39 40 33 44 1 51 57 18 27 3 52 32 58 59 51 36 21 9 35 32 16 3 23 56 33 5 18 6 2 51 16 48 19 31 32 1 26 13 57 55 45 30 57 32 2
39
54 22 37 5 27 29 12 29 13 37 18 38 11 57 33 51 16 36 48 4 13 27 28 51 10 9 12 41 48 46 6 52 55 58 11 57 29 57 25
49
36 51 19 55 43 48 3 60 22 54 15 22 45 58 23 27 55 47 55 18 17 32 42 28 32 27 44 13 47 37 23 19 11 60 28 23 9 33 8 22 7 13 19 54 31 44 8 57 36
0
