27
19 26 73 52 52 53 3 15 11 7 48 18 51 14 27 51 62 25 27 71 5 45 14 48 77 12 35
23
25 17 64 2 13 11 71 36 15 44 66 65 3 15 27 9 27 22 74 47 1 32 22
53
25 67 78 63 70 75 71 57 56 32 40 2 66 49 15 37 68 57 42 69 43 15 69 27 52 20 41 65 9 39 19 74 76 6 58 26 14 9 47 21 54 9 9 52 55 25 24 58 8 38 59 24 70
34
17 10 79 52 12 50 34 6 49 18 14 47 7 61 72 69 24 60 11 22 16 34 6 18 52 27 77 64 58 51 61 75 5 43
61
48 28 43 78 77 67 49 41 72 39 9 19 43 66 19 15 79 14 48 17 63 5 62 80 65 53 51 28 78 37 19 42 44 72 25 42 61 63 14 35 48 74 14 60 43 8 35 79 39 37 62 62 37 26 7 44 47 43 13 24 17
25
43 35 20 47 56 51 42 58 34 17 80 13 50 70 71 3 37 57 19 53 70 41 55 38 5
23
66 62 76 19 50 71 19 28 31 60 40 77 33 65 37 62 4 46 62 25 57 17 53
42
6 36 5 45 31 3 60 63 43 38 65 60 62 15 47 10 74 23 40 12 43 41 24 35 16 9 38 10 57 61 42 49 9 32 13 14 66 55 77 29 80 58
35
76 80 57 80 69 79 52 31 34 58 42 2 46 13 51 30 23 46 51 6 62 76 16 52 31 2 34 25 20 27 11 13 66 7 29
36
39 10 49 12 5 30 9 71 47 30 48 2 15 26 54 63 30 52 53 80 64 6 49 67 45 28 11 8 47 30 17 39 64 16 71 14
44
42 9 18 29 53 46 5 80 56 59 52 31 45 63 71 79 43 80 56 17 42 8 60 7 26 50 55 67 75 62 58 55 56 41 76 10 19 64 40 45 71 60 25 79
51
45 2 10 22 19 44 39 22 8 14 53 42 18 36 25 60 35 37 16 38 25 57 27 8 21 36 42 14 46 31 57 48 42 20 27 56 39 26 7 39 21 50 3 14 15 45 27 47 10 10 31
51
25 19 6 30 9 45 45 7 1 22 22 28 18 44 52 41 17 24 47 40 30 11 60 3 45 60 28 60 51 29 34 13 50 6 45 27 24 9 32 4 36 52 30 21 30 27 4 26 33 53 51
0
