47
36 4 7 30 33 33 2 7 14 53 8 39 9 51 6 63 44 20 10 27 48 22 74 1 63 16 63 68 61 44 71 64 13 19 46 41 49 77 23 78 73 50 37 77 30 5 10
12
17 5 76 46 1 55 13 57 14 4 13 73
43
22 53 51 80 59 68 23 31 58 73 59 19 66 54 26 42 7 47 32 11 30 8 32 14 68 62 17 71 79 17 74 46 28 1 34 42 32 33 27 78 51 52 40
20
18 27 16 1 68 15 8 37 61 62 9 14 22 38 13 78 51 32 33 41
57
18 33 48 79 73 71 51 47 51 56 10 38 62 38 69 79 27 19 79 73 76 76 50 48 17 80 28 71 56 23 69 1 33 26 28 64 67 73 15 33 68 4 36 17 76 59 54 45 71 58 74 21 27 48 59 22 64
10
62 74 44 61 72 29 67 10 5 36
18
5 13 34 4 46 5 73 40 33 52 39 26 64 80 79 29 48 54
67
47 7 80 66 11 22 70 8 13 8 30 66 54 19 35 67 45 40 18 62 43 67 62 31 29 24 48 61 61 73 1 19 36 20 70 4 5 28 24 63 57 78 61 33 4 66 65 8 29 14 34 69 31 73 23 60 25 49 37 67 55 10 27 20 7 11 31
40
29 32 62 18 17 35 6 46 7 30 28 44 40 40 32 48 39 13 69 44 77 10 59 37 71 37 9 47 51 41 26 73 36 30 59 77 33 17 52 77
68
58 54 76 22 74 28 15 58 60 61 75 23 67 39 20 53 26 28 60 27 39 76 46 4 35 8 10 62 36 16 23 41 72 57 20 36 64 15 77 10 74 69 72 60 32 51 49 72 39 24 7 70 73 50 29 62 8 72 67 67 18 33 23 44 39 35 31 11
26
65 70 11 31 51 34 50 5 67 53 65 39 19 23 12 9 34 48 23 28 38 28 72 29 11 73
45
47 28 21 77 21 38 53 55 35 77 39 23 17 60 58 22 20 3 28 79 11 12 35 6 67 8 64 62 37 78 62 21 58 73 4 57 46 56 45 1 47 49 57 12 75
32
7 49 60 7 53 27 64 74 31 35 73 16 10 13 55 71 19 38 16 19 45 25 57 2 57 44 38 27 32 43 36 23
19
42 2 15 3 31 26 36 38 65 42 49 64 31 47 32 27 57 31 19
64
44 44 39 42 8 64 56 43 30 32 33 70 71 25 70 48 52 55 77 41 45 45 53 79 44 59 77 49 41 26 13 8 54 7 23 58 38 61 19 62 77 59 61 51 65 18 50 51 27 47 59 13 57 33 29 79 71 41 78 29 68 7 3 5
0
