21
30 27 35 36 59 79 30 48 52 17 58 43 46 61 7 64 57 20 69 12 4
49
70 22 44 47 74 33 73 5 43 24 11 56 44 11 50 43 20 15 58 40 60 8 34 55 46 8 56 56 52 20 30 3 9 70 38 13 73 13 6 78 56 47 55 35 33 71 17 77 14
24
80 55 34 45 61 63 69 69 1 66 58 17 34 23 74 8 48 55 53 38 50 7 9 61
73
14 33 80 22 56 72 59 42 38 20 56 49 44 9 56 25 4 12 21 21 39 14 32 41 26 24 43 24 57 45 73 46 54 61 48 30 69 48 26 74 79 55 77 4 18 39 4 46 77 13 46 75 69 40 26 80 1 39 77 33 30 35 66 73 27 11 76 64 42 26 36 37 67
36
22 64 18 29 23 67 20 77 28 44 80 78 58 14 36 48 30 31 51 74 45 44 70 4 57 8 44 20 4 51 58 10 9 43 19 42
72
52 16 11 13 33 8 22 73 29 34 63 29 75 77 5 66 74 62 58 75 14 53 16 24 80 74 57 67 71 70 15 76 75 66 58 16 41 61 13 37 49 11 28 55 62 72 10 55 53 24 15 62 41 48 49 80 1 67 13 39 32 36 3 40 19 67 35 9 20 70 26 14
58
22 26 3 26 41 43 9 65 3 14 47 56 34 36 28 17 58 15 55 48 54 5 14 9 69 37 75 38 1 35 64 79 2 13 19 22 46 55 40 25 5 55 30 22 36 65 65 32 7 72 42 55 51 46 76 17 13 75
46
5 49 51 64 48 31 49 54 22 17 6 52 4 56 30 43 79 56 73 53 5 52 43 31 9 73 9 28 37 18 2 10 52 18 36 56 35 72 62 71 68 11 43 16 2 21
47
80 21 3 77 41 21 23 33 33 6 21 55 56 23 22 18 5 15 77 80 67 20 55 9 8 75 2 66 74 9 28 30 68 35 9 7 34 21 41 69 30 65 3 51 15 17 7
58
46 74 39 1 5 22 52 60 47 75 70 47 19 37 40 24 59 71 68 21 14 16 64 64 54 8 51 3 18 4 75 71 69 33 20 1 51 27 25 47 64 30 40 40 32 75 51 73 26 60 72 24 30 66 35 31 11 55
36
77 51 50 43 43 1 79 58 67 18 40 53 33 46 21 38 65 56 25 33 60 38 58 57 38 13 51 42 3 79 69 70 76 80 29 77
24
67 77 40 33 17 64 56 67 7 40 59 10 29 51 56 66 23 48 39 73 73 6 31 30
47
55 69 29 50 58 33 18 25 24 79 60 65 80 43 54 3 70 32 54 73 33 55 28 14 4 54 33 70 4 22 62 46 10 76 42 76 27 18 30 8 41 65 6 52 76 2 23
15
66 71 3 54 58 38 6 1 41 15 46 5 80 28 21
11
17 14 55 5 1 58 56 53 2 46 32
68
5 100 96 46 34 65 41 42 13 55 50 21 82 69 30 48 42 75 78 33 62 82 54 9 72 11 14 37 38 88 5 14 36 93 59 29 94 82 73 20 25 52 16 98 3 67 3 40 83 92 9 95 47 27 5 24 47 87 74 24 51 4 4 25 51 36 86 90
0
